Materials: 3
"Material01"
0.000000 0.501961 0.501961 0.600000
1.000000 0.501961 0.250980 0.600000
0.000000 0.000000 0.000000 0.600000
0.000000 0.000000 0.000000 0.600000
128.000000
0.600000
"../column1.png"
""
"Material02"
1.000000 0.000000 0.000000 1.000000
1.000000 0.000000 0.000000 1.000000
1.000000 0.501961 0.250980 1.000000
0.000000 0.000000 0.000000 1.000000
128.000000
1.000000
"../_focus.png"
""
"Material03"
0.000000 1.000000 1.000000 0.600000
0.000000 1.000000 1.000000 0.600000
0.000000 1.000000 1.000000 0.600000
0.000000 1.000000 1.000000 0.600000
75.000000
0.600000
"../gr2.png"
""
