// MilkShape 3D ASCII

Frames: 30
Frame: 1

Meshes: 28
"Box06" 1 0
20
1 139.518799 -1.858849 19.130127 0.000000 0.000000 -1
1 7.780464 22.566189 16.420227 0.000000 1.000000 -1
1 140.579620 12.166817 2.672852 1.000000 0.000000 -1
1 8.841331 36.591774 -0.036987 1.000000 1.000000 -1
1 140.579620 12.166817 2.672852 0.000000 0.000000 -1
1 8.841331 36.591774 -0.036987 0.000000 1.000000 -1
1 141.609680 29.189079 17.363770 1.000000 0.000000 -1
1 9.871437 53.613918 14.654053 1.000000 1.000000 -1
1 141.609680 29.189079 17.363770 0.000000 0.000000 -1
1 9.871437 53.613918 14.654053 0.000000 1.000000 -1
1 140.548828 15.163486 33.821167 1.000000 0.000000 -1
1 8.810555 39.588394 31.111206 1.000000 1.000000 -1
1 140.548828 15.163486 33.821167 0.000000 0.000000 -1
1 8.810555 39.588394 31.111206 0.000000 1.000000 -1
1 139.518799 -1.858849 19.130127 1.000000 0.000000 -1
1 7.780464 22.566189 16.420227 1.000000 1.000000 -1
1 139.518799 -1.858849 19.130127 0.000000 1.000000 -1
1 140.579620 12.166817 2.672852 1.000000 1.000000 -1
1 7.780464 22.566189 16.420227 0.000000 0.000000 -1
1 8.841331 36.591774 -0.036987 1.000000 0.000000 -1
18
-0.125910 -0.751016 -0.648168
-0.125910 -0.751017 -0.648167
-0.125910 -0.751017 -0.648167
0.134678 0.642726 -0.754165
0.134678 0.642729 -0.754163
0.134677 0.642732 -0.754161
0.125910 0.751020 0.648163
0.125910 0.751019 0.648165
0.125909 0.751017 0.648167
-0.134679 -0.642728 0.754164
-0.134679 -0.642728 0.754163
-0.134679 -0.642729 0.754163
0.997741 -0.066770 0.007411
0.997741 -0.066770 0.007410
0.997741 -0.066770 0.007409
-0.997741 0.066773 -0.007410
-0.997741 0.066773 -0.007410
-0.997741 0.066774 -0.007410
12
1 0 1 2 0 1 1 1
1 1 3 2 1 2 1 1
1 4 5 6 3 4 4 2
1 5 7 6 4 5 4 2
1 8 9 10 6 7 7 1
1 9 11 10 7 8 7 1
1 12 13 14 9 10 10 2
1 13 15 14 10 11 10 2
1 12 16 6 12 13 13 3
1 16 17 6 13 14 13 3
1 18 13 19 15 16 16 3
1 13 7 19 16 17 16 3
"Duplicate01" 1 0
20
1 112.965973 24.613266 0.385315 1.000000 0.000000 -1
1 -17.667267 63.648193 -19.467407 0.000000 1.000000 -1
1 114.071075 39.223244 -16.757690 0.000000 0.000000 -1
1 -18.772301 49.038185 -2.324524 1.000000 1.000000 -1
1 114.253601 45.891064 18.749207 1.000000 0.000000 -1
1 -18.772301 49.038185 -2.324524 0.000000 1.000000 -1
1 112.965973 24.613266 0.385315 0.000000 0.000000 -1
1 -17.484634 70.315918 16.039307 1.000000 1.000000 -1
1 115.358673 60.500992 1.606079 1.000000 0.000000 -1
1 -17.484634 70.315918 16.039307 0.000000 1.000000 -1
1 114.253601 45.891064 18.749207 0.000000 0.000000 -1
1 -16.379608 84.925949 -1.103638 1.000000 1.000000 -1
1 114.071075 39.223244 -16.757690 1.000000 0.000000 -1
1 -16.379608 84.925949 -1.103638 0.000000 1.000000 -1
1 115.358673 60.500992 1.606079 0.000000 0.000000 -1
1 -17.667267 63.648193 -19.467407 1.000000 1.000000 -1
1 114.071075 39.223244 -16.757690 0.000000 1.000000 -1
1 112.965973 24.613266 0.385315 1.000000 1.000000 -1
1 -18.772301 49.038185 -2.324524 1.000000 0.000000 -1
1 -17.667267 63.648193 -19.467407 0.000000 0.000000 -1
18
-0.125910 -0.751017 -0.648167
-0.125910 -0.751018 -0.648165
-0.125909 -0.751016 -0.648169
-0.134679 -0.642731 0.754161
-0.134678 -0.642731 0.754161
-0.134679 -0.642731 0.754161
0.125910 0.751019 0.648165
0.125910 0.751022 0.648161
0.125910 0.751016 0.648168
0.134678 0.642730 -0.754162
0.134678 0.642730 -0.754162
0.134678 0.642730 -0.754162
0.997741 -0.066773 0.007410
0.997741 -0.066772 0.007410
0.997741 -0.066774 0.007411
-0.997741 0.066773 -0.007407
-0.997741 0.066773 -0.007407
-0.997741 0.066773 -0.007407
12
1 0 1 2 0 0 1 1
1 0 3 1 0 2 0 1
1 4 5 6 3 3 4 2
1 4 7 5 3 5 3 2
1 8 9 10 6 6 7 1
1 8 11 9 6 8 6 1
1 12 13 14 9 9 10 2
1 12 15 13 9 11 9 2
1 4 16 14 12 12 13 3
1 4 17 16 12 14 12 3
1 18 13 19 15 15 16 3
1 18 7 13 15 17 15 3
"Duplicate02" 1 0
20
1 -9.867378 -9.488007 -36.688049 1.000000 0.000000 -1
1 -148.360672 -17.702812 -95.505615 0.000000 1.000000 -1
1 -8.594414 9.212799 -54.461945 0.000000 0.000000 -1
1 -149.633621 -36.403671 -77.731903 1.000000 1.000000 -1
1 -12.928459 11.825584 -22.466919 1.000000 0.000000 -1
1 -149.633621 -36.403671 -77.731903 0.000000 1.000000 -1
1 -9.867378 -9.488007 -36.688049 0.000000 0.000000 -1
1 -152.694626 -15.090057 -63.510605 1.000000 1.000000 -1
1 -11.655479 30.526344 -40.240784 1.000000 0.000000 -1
1 -152.694626 -15.090057 -63.510605 0.000000 1.000000 -1
1 -12.928459 11.825584 -22.466919 0.000000 0.000000 -1
1 -151.421692 3.610641 -81.284470 1.000000 1.000000 -1
1 -8.594414 9.212799 -54.461945 1.000000 0.000000 -1
1 -151.421692 3.610641 -81.284470 0.000000 1.000000 -1
1 -11.655479 30.526344 -40.240784 0.000000 0.000000 -1
1 -148.360672 -17.702812 -95.505615 1.000000 1.000000 -1
1 -8.594414 9.212799 -54.461945 0.000000 1.000000 -1
1 -9.867378 -9.488007 -36.688049 1.000000 1.000000 -1
1 -149.633621 -36.403671 -77.731903 1.000000 0.000000 -1
1 -148.360672 -17.702812 -95.505615 0.000000 0.000000 -1
18
0.325638 -0.662915 -0.674169
0.325637 -0.662918 -0.674167
0.325639 -0.662913 -0.674171
-0.131125 -0.563198 0.815852
-0.131126 -0.563196 0.815853
-0.131124 -0.563200 0.815851
-0.325638 0.662918 0.674166
-0.325638 0.662918 0.674166
-0.325638 0.662919 0.674165
0.131124 0.563198 -0.815852
0.131124 0.563198 -0.815852
0.131124 0.563199 -0.815851
0.990004 0.055742 0.129554
0.990004 0.055742 0.129554
0.990004 0.055743 0.129554
-0.990005 -0.055741 -0.129551
-0.990005 -0.055741 -0.129553
-0.990005 -0.055741 -0.129550
12
1 0 1 2 0 0 1 1
1 0 3 1 0 2 0 1
1 4 5 6 3 3 4 2
1 4 7 5 3 5 3 2
1 8 9 10 6 6 7 1
1 8 11 9 6 8 6 1
1 12 13 14 9 9 10 2
1 12 15 13 9 11 9 2
1 4 16 14 12 12 13 3
1 4 17 16 12 14 12 3
1 18 13 19 15 15 16 3
1 18 7 13 15 17 15 3
"Box09" 1 1
20
1 5.843330 -19.913757 17.805420 0.000000 0.000000 -1
1 -12.948570 -1.146751 16.282043 0.000000 1.000000 -1
1 5.935631 -22.037628 -9.830139 1.000000 0.000000 -1
1 -12.856285 -3.270546 -11.353516 1.000000 1.000000 -1
1 5.935631 -22.037628 -9.830139 0.000000 0.000000 -1
1 -12.856285 -3.270546 -11.353516 0.000000 1.000000 -1
1 22.497780 -0.731384 -11.395996 1.000000 0.000000 -1
1 3.705818 18.035625 -12.919434 1.000000 1.000000 -1
1 22.497780 -0.731384 -11.395996 0.000000 0.000000 -1
1 3.705818 18.035625 -12.919434 0.000000 1.000000 -1
1 22.405449 1.392456 16.239502 1.000000 0.000000 -1
1 3.613533 20.159473 14.716064 1.000000 1.000000 -1
1 22.405449 1.392456 16.239502 0.000000 0.000000 -1
1 3.613533 20.159473 14.716064 0.000000 1.000000 -1
1 5.843330 -19.913757 17.805420 1.000000 0.000000 -1
1 -12.948570 -1.146751 16.282043 1.000000 1.000000 -1
1 5.843330 -19.913757 17.805420 0.000000 1.000000 -1
1 5.935631 -22.037628 -9.830139 1.000000 1.000000 -1
1 -12.948570 -1.146751 16.282043 0.000000 0.000000 -1
1 -12.856285 -3.270546 -11.353516 1.000000 0.000000 -1
18
-0.707788 -0.704524 0.051781
-0.707789 -0.704524 0.051780
-0.707790 -0.704523 0.051779
0.004305 -0.076623 -0.997051
0.004305 -0.076624 -0.997051
0.004305 -0.076626 -0.997051
0.707787 0.704525 -0.051779
0.707788 0.704525 -0.051780
0.707788 0.704524 -0.051781
-0.004305 0.076626 0.997051
-0.004304 0.076626 0.997051
-0.004302 0.076626 0.997051
0.790312 -0.610696 0.049574
0.790312 -0.610696 0.049573
0.790312 -0.610696 0.049573
-0.790313 0.610695 -0.049571
-0.790312 0.610696 -0.049572
-0.790312 0.610696 -0.049572
12
1 0 1 2 0 1 1 1
1 1 3 2 1 2 1 1
1 4 5 6 3 4 4 2
1 5 7 6 4 5 4 2
1 8 9 10 6 7 7 1
1 9 11 10 7 8 7 1
1 12 13 14 9 10 10 2
1 13 15 14 10 11 10 2
1 12 16 6 12 13 13 3
1 16 17 6 13 14 13 3
1 18 13 19 15 16 16 3
1 13 7 19 16 17 16 3
"Duplicate03" 1 0
20
1 -2.880745 -49.673965 2.788269 0.000000 0.000000 -1
1 -88.844116 -101.570557 -56.791565 0.000000 1.000000 -1
1 -1.775719 -35.063950 -14.354797 1.000000 0.000000 -1
1 -87.739212 -86.960663 -73.934631 1.000000 1.000000 -1
1 -1.775719 -35.063950 -14.354797 0.000000 0.000000 -1
1 -87.739212 -86.960663 -73.934631 0.000000 1.000000 -1
1 -6.585014 -20.300598 -2.631592 1.000000 0.000000 -1
1 -92.548416 -72.197205 -62.211304 1.000000 1.000000 -1
1 -6.585014 -20.300598 -2.631592 0.000000 0.000000 -1
1 -92.548416 -72.197205 -62.211304 0.000000 1.000000 -1
1 -7.690025 -34.910614 14.511353 1.000000 0.000000 -1
1 -93.653442 -86.807190 -45.068542 1.000000 1.000000 -1
1 -7.690025 -34.910614 14.511353 0.000000 0.000000 -1
1 -93.653442 -86.807190 -45.068542 0.000000 1.000000 -1
1 -2.880745 -49.673965 2.788269 1.000000 0.000000 -1
1 -88.844116 -101.570557 -56.791565 1.000000 1.000000 -1
1 -2.880745 -49.673965 2.788269 0.000000 1.000000 -1
1 -1.775719 -35.063950 -14.354797 1.000000 1.000000 -1
1 -88.844116 -101.570557 -56.791565 0.000000 0.000000 -1
1 -87.739212 -86.960663 -73.934631 1.000000 0.000000 -1
18
0.669839 -0.585881 -0.456134
0.669839 -0.585881 -0.456135
0.669839 -0.585881 -0.456135
0.134675 0.642732 -0.754161
0.134675 0.642732 -0.754161
0.134674 0.642732 -0.754161
-0.669839 0.585879 0.456137
-0.669840 0.585878 0.456138
-0.669840 0.585878 0.456138
-0.134680 -0.642728 0.754163
-0.134680 -0.642727 0.754163
-0.134681 -0.642727 0.754164
0.967443 0.158423 0.197375
0.967443 0.158423 0.197375
0.967443 0.158423 0.197375
-0.967442 -0.158429 -0.197372
-0.967443 -0.158423 -0.197372
-0.967444 -0.158416 -0.197373
12
1 0 1 2 0 1 1 1
1 1 3 2 1 2 1 1
1 4 5 6 3 4 4 2
1 5 7 6 4 5 4 2
1 8 9 10 6 7 7 1
1 9 11 10 7 8 7 1
1 12 13 14 9 10 10 2
1 13 15 14 10 11 10 2
1 12 16 6 12 13 13 3
1 16 17 6 13 14 13 3
1 18 13 19 15 16 16 3
1 13 7 19 16 17 16 3
"Duplicate04" 1 0
20
1 -30.614609 2.161545 48.328552 0.000000 0.000000 -1
1 -135.610229 113.357559 124.344543 0.000000 1.000000 -1
1 -29.509605 16.771492 31.185608 1.000000 0.000000 -1
1 -134.505249 127.967514 107.201599 1.000000 1.000000 -1
1 -29.509605 16.771492 31.185608 0.000000 0.000000 -1
1 -134.505249 127.967514 107.201599 0.000000 1.000000 -1
1 -19.263428 32.917061 46.775330 1.000000 0.000000 -1
1 -124.259079 144.113083 122.791382 1.000000 1.000000 -1
1 -19.263428 32.917061 46.775330 0.000000 0.000000 -1
1 -124.259079 144.113083 122.791382 0.000000 1.000000 -1
1 -20.368454 18.307053 63.918335 1.000000 0.000000 -1
1 -125.364014 129.503174 139.934326 1.000000 1.000000 -1
1 -20.368454 18.307053 63.918335 0.000000 0.000000 -1
1 -125.364014 129.503174 139.934326 0.000000 1.000000 -1
1 -30.614609 2.161545 48.328552 1.000000 0.000000 -1
1 -135.610229 113.357559 124.344543 1.000000 1.000000 -1
1 -30.614609 2.161545 48.328552 0.000000 1.000000 -1
1 -29.509605 16.771492 31.185608 1.000000 1.000000 -1
1 -135.610229 113.357559 124.344543 0.000000 0.000000 -1
1 -134.505249 127.967514 107.201599 1.000000 0.000000 -1
18
-0.784429 -0.446175 -0.430813
-0.784429 -0.446176 -0.430812
-0.784429 -0.446176 -0.430812
0.134678 0.642730 -0.754162
0.134679 0.642730 -0.754161
0.134680 0.642731 -0.754161
0.784428 0.446175 0.430813
0.784429 0.446176 0.430811
0.784429 0.446177 0.430810
-0.134682 -0.642731 0.754160
-0.134680 -0.642731 0.754161
-0.134679 -0.642730 0.754162
0.907431 -0.346889 -0.237141
0.907431 -0.346889 -0.237142
0.907431 -0.346889 -0.237142
-0.907431 0.346888 0.237143
-0.907432 0.346888 0.237143
-0.907432 0.346887 0.237143
12
1 0 1 2 0 1 1 1
1 1 3 2 1 2 1 1
1 4 5 6 3 4 4 2
1 5 7 6 4 5 4 2
1 8 9 10 6 7 7 1
1 9 11 10 7 8 7 1
1 12 13 14 9 10 10 2
1 13 15 14 10 11 10 2
1 12 16 6 12 13 13 3
1 16 17 6 13 14 13 3
1 18 13 19 15 16 16 3
1 13 7 19 16 17 16 3
"Duplicate05" 1 0
20
1 42.735664 -88.442917 -90.661575 0.000000 0.000000 -1
1 79.768311 -186.423096 -167.551086 0.000000 1.000000 -1
1 41.851631 -100.130859 -76.947128 1.000000 0.000000 -1
1 78.884308 -198.111023 -153.836792 1.000000 1.000000 -1
1 41.851631 -100.130859 -76.947128 0.000000 0.000000 -1
1 78.884308 -198.111023 -153.836792 0.000000 1.000000 -1
1 48.507538 -107.943542 -82.416824 1.000000 0.000000 -1
1 85.540131 -205.923706 -159.306458 1.000000 1.000000 -1
1 48.507538 -107.943542 -82.416824 0.000000 0.000000 -1
1 85.540131 -205.923706 -159.306458 0.000000 1.000000 -1
1 49.391571 -96.255569 -96.131134 1.000000 0.000000 -1
1 86.424072 -194.235596 -173.020813 1.000000 1.000000 -1
1 49.391571 -96.255569 -96.131134 0.000000 0.000000 -1
1 86.424072 -194.235596 -173.020813 0.000000 1.000000 -1
1 42.735664 -88.442917 -90.661575 1.000000 0.000000 -1
1 79.768311 -186.423096 -167.551086 1.000000 1.000000 -1
1 42.735664 -88.442917 -90.661575 0.000000 1.000000 -1
1 41.851631 -100.130859 -76.947128 1.000000 1.000000 -1
1 79.768311 -186.423096 -167.551086 0.000000 0.000000 -1
1 78.884308 -198.111023 -153.836792 1.000000 0.000000 -1
18
-0.956885 -0.187718 -0.221661
-0.956885 -0.187718 -0.221661
-0.956885 -0.187718 -0.221661
-0.134678 -0.642730 0.754162
-0.134682 -0.642730 0.754161
-0.134686 -0.642731 0.754160
0.956885 0.187716 0.221662
0.956885 0.187717 0.221660
0.956885 0.187718 0.221658
0.134701 0.642733 -0.754155
0.134673 0.642729 -0.754164
0.134645 0.642724 -0.754173
0.816366 0.412522 0.404194
0.816368 0.412521 0.404191
0.816369 0.412521 0.404188
-0.816372 -0.412517 -0.404187
-0.816372 -0.412516 -0.404187
-0.816372 -0.412516 -0.404187
12
1 0 1 2 0 1 1 1
1 1 3 2 1 2 1 1
1 4 5 6 3 4 4 2
1 5 7 6 4 5 4 2
1 8 9 10 6 7 7 1
1 9 11 10 7 8 7 1
1 12 13 14 9 10 10 2
1 13 15 14 10 11 10 2
1 12 16 6 12 13 13 3
1 16 17 6 13 14 13 3
1 18 13 19 15 16 16 3
1 13 7 19 16 17 16 3
"Duplicate06" 1 0
20
1 10.912697 22.764145 29.765015 1.000000 0.000000 -1
1 -68.036713 90.421509 103.118347 0.000000 1.000000 -1
1 9.807640 8.154160 46.907959 0.000000 0.000000 -1
1 -66.931732 105.031464 85.975403 1.000000 1.000000 -1
1 4.443123 10.091988 17.809875 1.000000 0.000000 -1
1 -66.931732 105.031464 85.975403 0.000000 1.000000 -1
1 10.912697 22.764145 29.765015 0.000000 0.000000 -1
1 -73.401260 92.359222 74.020203 1.000000 1.000000 -1
1 3.338051 -4.518005 34.952820 1.000000 0.000000 -1
1 -73.401260 92.359222 74.020203 0.000000 1.000000 -1
1 4.443123 10.091988 17.809875 0.000000 0.000000 -1
1 -74.506317 77.749283 91.163208 1.000000 1.000000 -1
1 9.807640 8.154160 46.907959 1.000000 0.000000 -1
1 -74.506317 77.749283 91.163208 0.000000 1.000000 -1
1 3.338051 -4.518005 34.952820 0.000000 0.000000 -1
1 -68.036713 90.421509 103.118347 1.000000 1.000000 -1
1 9.807640 8.154160 46.907959 0.000000 1.000000 -1
1 10.912697 22.764145 29.765015 1.000000 1.000000 -1
1 -66.931732 105.031464 85.975403 1.000000 0.000000 -1
1 -68.036713 90.421509 103.118347 0.000000 0.000000 -1
18
0.783735 0.446867 0.431358
0.783735 0.446866 0.431359
0.783735 0.446868 0.431357
0.134679 0.642731 -0.754161
0.134679 0.642731 -0.754161
0.134679 0.642731 -0.754161
-0.783734 -0.446866 -0.431359
-0.783734 -0.446866 -0.431360
-0.783735 -0.446867 -0.431358
-0.134678 -0.642730 0.754162
-0.134679 -0.642730 0.754161
-0.134677 -0.642729 0.754163
0.935555 -0.296298 -0.192211
0.935554 -0.296298 -0.192211
0.935555 -0.296298 -0.192211
-0.935555 0.296296 0.192210
-0.935555 0.296296 0.192213
-0.935556 0.296295 0.192208
12
1 0 1 2 0 0 1 1
1 0 3 1 0 2 0 1
1 4 5 6 3 3 4 2
1 4 7 5 3 5 3 2
1 8 9 10 6 6 7 1
1 8 11 9 6 8 6 1
1 12 13 14 9 9 10 2
1 12 15 13 9 11 9 2
1 4 16 14 12 12 13 3
1 4 17 16 12 14 12 3
1 18 13 19 15 15 16 3
1 18 7 13 15 17 15 3
"Duplicate07" 1 0
20
1 77.773773 -34.462006 0.988892 1.000000 0.000000 -1
1 -7.599556 -32.855598 15.711792 0.000000 1.000000 -1
1 76.712921 -48.487579 17.446106 0.000000 0.000000 -1
1 -6.538734 -18.830017 -0.745422 1.000000 1.000000 -1
1 76.824402 -50.149643 -12.550354 1.000000 0.000000 -1
1 -6.538734 -18.830017 -0.745422 0.000000 1.000000 -1
1 77.773773 -34.462006 0.988892 0.000000 0.000000 -1
1 -7.488091 -34.517792 -14.284668 1.000000 1.000000 -1
1 75.763519 -64.175140 3.906799 1.000000 0.000000 -1
1 -7.488091 -34.517792 -14.284668 0.000000 1.000000 -1
1 76.824402 -50.149643 -12.550354 0.000000 0.000000 -1
1 -8.548943 -48.543304 2.172546 1.000000 1.000000 -1
1 76.712921 -48.487579 17.446106 1.000000 0.000000 -1
1 -8.548943 -48.543304 2.172546 0.000000 1.000000 -1
1 75.763519 -64.175140 3.906799 0.000000 0.000000 -1
1 -7.599556 -32.855598 15.711792 1.000000 1.000000 -1
1 76.712921 -48.487579 17.446106 0.000000 1.000000 -1
1 77.773773 -34.462006 0.988892 1.000000 1.000000 -1
1 -6.538734 -18.830017 -0.745422 1.000000 0.000000 -1
1 -7.599556 -32.855598 15.711792 0.000000 0.000000 -1
18
0.125910 0.751017 0.648167
0.125910 0.751017 0.648167
0.125910 0.751017 0.648167
0.134678 0.642729 -0.754163
0.134679 0.642730 -0.754162
0.134677 0.642727 -0.754164
-0.125909 -0.751018 -0.648166
-0.125909 -0.751018 -0.648166
-0.125909 -0.751019 -0.648165
-0.134678 -0.642731 0.754161
-0.134678 -0.642734 0.754159
-0.134678 -0.642729 0.754163
0.997741 -0.066775 0.007408
0.997740 -0.066776 0.007408
0.997741 -0.066774 0.007408
-0.997741 0.066773 -0.007408
-0.997741 0.066773 -0.007406
-0.997741 0.066773 -0.007409
12
1 0 1 2 0 0 1 1
1 0 3 1 0 2 0 1
1 4 5 6 3 3 4 2
1 4 7 5 3 5 3 2
1 8 9 10 6 6 7 1
1 8 11 9 6 8 6 1
1 12 13 14 9 9 10 2
1 12 15 13 9 11 9 2
1 4 16 14 12 12 13 3
1 4 17 16 12 14 12 3
1 18 13 19 15 15 16 3
1 18 7 13 15 17 15 3
"Duplicate08" 1 0
20
1 8.355080 41.736584 -31.489563 0.000000 0.000000 -1
1 -52.375641 139.001419 -47.697021 0.000000 1.000000 -1
1 0.774391 30.951263 -17.520081 1.000000 0.000000 -1
1 -59.956436 128.216049 -33.727722 1.000000 1.000000 -1
1 0.774391 30.951263 -17.520081 0.000000 0.000000 -1
1 -59.956436 128.216049 -33.727722 0.000000 1.000000 -1
1 -4.050865 19.984985 -33.241150 1.000000 0.000000 -1
1 -64.781662 117.249741 -49.448608 1.000000 1.000000 -1
1 -4.050865 19.984985 -33.241150 0.000000 0.000000 -1
1 -64.781662 117.249741 -49.448608 0.000000 1.000000 -1
1 3.529915 30.770374 -47.210510 1.000000 0.000000 -1
1 -57.200836 128.035110 -63.417999 1.000000 1.000000 -1
1 3.529915 30.770374 -47.210510 0.000000 0.000000 -1
1 -57.200836 128.035110 -63.417999 0.000000 1.000000 -1
1 8.355080 41.736584 -31.489563 1.000000 0.000000 -1
1 -52.375641 139.001419 -47.697021 1.000000 1.000000 -1
1 8.355080 41.736584 -31.489563 0.000000 1.000000 -1
1 0.774391 30.951263 -17.520081 1.000000 1.000000 -1
1 -52.375641 139.001419 -47.697021 0.000000 0.000000 -1
1 -59.956436 128.216049 -33.727722 1.000000 0.000000 -1
17
0.572036 0.469269 0.672727
0.572032 0.469268 0.672731
0.572028 0.469267 0.672735
-0.765578 -0.393162 0.509229
-0.765577 -0.393161 0.509231
-0.765576 -0.393160 0.509233
-0.572030 -0.469267 -0.672734
-0.572030 -0.469267 -0.672733
0.765578 0.393162 -0.509228
0.765578 0.393162 -0.509229
0.765578 0.393161 -0.509230
0.862748 -0.498758 0.083111
0.862748 -0.498758 0.083109
0.862748 -0.498758 0.083107
-0.862747 0.498758 -0.083112
-0.862747 0.498758 -0.083112
-0.862747 0.498759 -0.083112
12
1 0 1 2 0 1 1 1
1 1 3 2 1 2 1 1
1 4 5 6 3 4 4 2
1 5 7 6 4 5 4 2
1 8 9 10 6 6 6 1
1 9 11 10 6 7 6 1
1 12 13 14 8 9 9 2
1 13 15 14 9 10 9 2
1 12 16 6 11 12 12 3
1 16 17 6 12 13 12 3
1 18 13 19 14 15 15 3
1 13 7 19 15 16 15 3
"Duplicate09" 1 0
20
1 -23.164536 -45.050415 9.463135 0.000000 0.000000 -1
1 -95.483414 -117.647217 22.933899 0.000000 1.000000 -1
1 -28.926727 -31.791199 -4.780640 1.000000 0.000000 -1
1 -101.245529 -104.387939 8.690063 1.000000 1.000000 -1
1 -28.926727 -31.791199 -4.780640 0.000000 0.000000 -1
1 -101.245529 -104.387939 8.690063 0.000000 1.000000 -1
1 -32.413155 -19.283913 10.769348 1.000000 0.000000 -1
1 -104.732025 -91.880585 24.240051 1.000000 1.000000 -1
1 -32.413155 -19.283913 10.769348 0.000000 0.000000 -1
1 -104.732025 -91.880585 24.240051 0.000000 1.000000 -1
1 -26.651001 -32.543106 25.013245 1.000000 0.000000 -1
1 -98.969971 -105.139923 38.483887 1.000000 1.000000 -1
1 -26.651001 -32.543106 25.013245 0.000000 0.000000 -1
1 -98.969971 -105.139923 38.483887 0.000000 1.000000 -1
1 -23.164536 -45.050415 9.463135 1.000000 0.000000 -1
1 -95.483414 -117.647217 22.933899 1.000000 1.000000 -1
1 -23.164536 -45.050415 9.463135 0.000000 1.000000 -1
1 -28.926727 -31.791199 -4.780640 1.000000 1.000000 -1
1 -95.483414 -117.647217 22.933899 0.000000 0.000000 -1
1 -101.245529 -104.387939 8.690063 1.000000 0.000000 -1
18
0.435661 -0.564140 -0.701388
0.435662 -0.564140 -0.701388
0.435663 -0.564141 -0.701387
-0.634224 0.526789 -0.565909
-0.634223 0.526788 -0.565911
-0.634222 0.526787 -0.565912
-0.435664 0.564143 0.701384
-0.435663 0.564142 0.701385
-0.435663 0.564140 0.701387
0.634224 -0.526790 0.565908
0.634224 -0.526788 0.565910
0.634223 -0.526787 0.565912
0.938309 0.339994 -0.063089
0.938309 0.339995 -0.063090
0.938309 0.339995 -0.063091
-0.938309 -0.339995 0.063084
-0.938310 -0.339992 0.063084
-0.938311 -0.339990 0.063084
12
1 0 1 2 0 1 1 1
1 1 3 2 1 2 1 1
1 4 5 6 3 4 4 2
1 5 7 6 4 5 4 2
1 8 9 10 6 7 7 1
1 9 11 10 7 8 7 1
1 12 13 14 9 10 10 2
1 13 15 14 10 11 10 2
1 12 16 6 12 13 13 3
1 16 17 6 13 14 13 3
1 18 13 19 15 16 16 3
1 13 7 19 16 17 16 3
"Duplicate10" 1 0
20
1 10.180183 -7.977242 -28.681091 0.000000 0.000000 -1
1 47.212860 -105.957291 -105.570541 0.000000 1.000000 -1
1 9.296120 -19.665237 -14.966675 1.000000 0.000000 -1
1 46.328796 -117.645340 -91.856232 1.000000 1.000000 -1
1 9.296120 -19.665237 -14.966675 0.000000 0.000000 -1
1 46.328796 -117.645340 -91.856232 0.000000 1.000000 -1
1 15.952034 -27.477768 -20.436279 1.000000 0.000000 -1
1 52.984650 -125.457855 -97.325775 1.000000 1.000000 -1
1 15.952034 -27.477768 -20.436279 0.000000 0.000000 -1
1 52.984650 -125.457855 -97.325775 0.000000 1.000000 -1
1 16.836067 -15.789764 -34.150635 1.000000 0.000000 -1
1 53.868683 -113.769775 -111.040146 1.000000 1.000000 -1
1 16.836067 -15.789764 -34.150635 0.000000 0.000000 -1
1 53.868683 -113.769775 -111.040146 0.000000 1.000000 -1
1 10.180183 -7.977242 -28.681091 1.000000 0.000000 -1
1 47.212860 -105.957291 -105.570541 1.000000 1.000000 -1
1 10.180183 -7.977242 -28.681091 0.000000 1.000000 -1
1 9.296120 -19.665237 -14.966675 1.000000 1.000000 -1
1 47.212860 -105.957291 -105.570541 0.000000 0.000000 -1
1 46.328796 -117.645340 -91.856232 1.000000 0.000000 -1
18
-0.956885 -0.187716 -0.221663
-0.956885 -0.187716 -0.221663
-0.956885 -0.187715 -0.221664
-0.134670 -0.642728 0.754165
-0.134675 -0.642729 0.754163
-0.134680 -0.642729 0.754162
0.956885 0.187717 0.221662
0.956885 0.187716 0.221662
0.956885 0.187716 0.221662
0.134682 0.642730 -0.754161
0.134673 0.642729 -0.754164
0.134665 0.642727 -0.754167
0.816364 0.412524 0.404195
0.816364 0.412524 0.404195
0.816364 0.412524 0.404195
-0.816366 -0.412519 -0.404196
-0.816365 -0.412521 -0.404196
-0.816365 -0.412522 -0.404196
12
1 0 1 2 0 1 1 1
1 1 3 2 1 2 1 1
1 4 5 6 3 4 4 2
1 5 7 6 4 5 4 2
1 8 9 10 6 7 7 1
1 9 11 10 7 8 7 1
1 12 13 14 9 10 10 2
1 13 15 14 10 11 10 2
1 12 16 6 12 13 13 3
1 16 17 6 13 14 13 3
1 18 13 19 15 16 16 3
1 13 7 19 16 17 16 3
"Duplicate11" 1 0
20
1 9.163826 1.985184 -54.802429 0.000000 0.000000 -1
1 65.339508 -25.983253 -156.862000 0.000000 1.000000 -1
1 14.604317 -13.277740 -42.323669 1.000000 0.000000 -1
1 70.779999 -41.246231 -144.383240 1.000000 1.000000 -1
1 14.604317 -13.277740 -42.323669 0.000000 0.000000 -1
1 70.779999 -41.246231 -144.383240 0.000000 1.000000 -1
1 22.375465 0.906662 -34.360779 1.000000 0.000000 -1
1 78.551147 -27.061813 -136.420349 1.000000 1.000000 -1
1 22.375465 0.906662 -34.360779 0.000000 0.000000 -1
1 78.551147 -27.061813 -136.420349 0.000000 1.000000 -1
1 16.934975 16.169605 -46.839539 1.000000 0.000000 -1
1 73.110687 -11.798874 -148.899078 1.000000 1.000000 -1
1 16.934975 16.169605 -46.839539 0.000000 0.000000 -1
1 73.110687 -11.798874 -148.899078 0.000000 1.000000 -1
1 9.163826 1.985184 -54.802429 1.000000 0.000000 -1
1 65.339508 -25.983253 -156.862000 1.000000 1.000000 -1
1 9.163826 1.985184 -54.802429 0.000000 1.000000 -1
1 14.604317 -13.277740 -42.323669 1.000000 1.000000 -1
1 65.339508 -25.983253 -156.862000 0.000000 0.000000 -1
1 70.779999 -41.246231 -144.383240 1.000000 0.000000 -1
18
-0.797861 -0.525672 -0.295104
-0.797862 -0.525671 -0.295104
-0.797862 -0.525671 -0.295104
0.607353 -0.615036 0.502845
0.607353 -0.615036 0.502845
0.607353 -0.615036 0.502845
0.797862 0.525671 0.295104
0.797862 0.525671 0.295105
0.797862 0.525670 0.295105
-0.607353 0.615036 -0.502845
-0.607352 0.615037 -0.502844
-0.607351 0.615039 -0.502844
-0.826938 0.148613 0.542299
-0.826938 0.148613 0.542299
-0.826938 0.148613 0.542299
0.826937 -0.148613 -0.542300
0.826938 -0.148613 -0.542299
0.826938 -0.148613 -0.542299
12
1 0 1 2 0 1 1 1
1 1 3 2 1 2 1 1
1 4 5 6 3 4 4 2
1 5 7 6 4 5 4 2
1 8 9 10 6 7 7 1
1 9 11 10 7 8 7 1
1 12 13 14 9 10 10 2
1 13 15 14 10 11 10 2
1 12 16 6 12 13 13 3
1 16 17 6 13 14 13 3
1 18 13 19 15 16 16 3
1 13 7 19 16 17 16 3
"Duplicate12" 1 0
20
1 10.518990 -43.155930 -32.696106 1.000000 0.000000 -1
1 52.888336 -166.468079 -17.451355 0.000000 1.000000 -1
1 3.259865 -51.937531 -16.961609 0.000000 0.000000 -1
1 60.147461 -157.686523 -33.185913 1.000000 1.000000 -1
1 17.881111 -34.379105 -18.388062 1.000000 0.000000 -1
1 60.147461 -157.686523 -33.185913 0.000000 1.000000 -1
1 10.518990 -43.155930 -32.696106 0.000000 0.000000 -1
1 67.509644 -148.909729 -18.877869 1.000000 1.000000 -1
1 10.622002 -43.160767 -2.653503 1.000000 0.000000 -1
1 67.509644 -148.909729 -18.877869 0.000000 1.000000 -1
1 17.881111 -34.379105 -18.388062 0.000000 0.000000 -1
1 60.250519 -157.691284 -3.143311 1.000000 1.000000 -1
1 3.259865 -51.937531 -16.961609 1.000000 0.000000 -1
1 60.250519 -157.691284 -3.143311 0.000000 1.000000 -1
1 10.622002 -43.160767 -2.653503 0.000000 0.000000 -1
1 52.888336 -166.468079 -17.451355 1.000000 1.000000 -1
1 3.259865 -51.937531 -16.961609 0.000000 1.000000 -1
1 10.518990 -43.155930 -32.696106 1.000000 1.000000 -1
1 60.147461 -157.686523 -33.185913 1.000000 0.000000 -1
1 52.888336 -166.468079 -17.451355 0.000000 0.000000 -1
16
-0.772137 -0.332267 -0.541667
-0.772137 -0.332267 -0.541668
-0.772138 -0.332267 -0.541665
0.744769 0.325216 -0.582712
0.744770 0.325216 -0.582711
0.744769 0.325216 -0.582713
0.772138 0.332267 0.541666
0.772137 0.332267 0.541667
0.772138 0.332267 0.541666
-0.744770 -0.325216 0.582711
-0.744771 -0.325217 0.582709
-0.744769 -0.325216 0.582713
-0.768341 0.640035 0.002738
-0.768341 0.640035 0.002739
-0.768341 0.640035 0.002736
0.768338 -0.640038 -0.002737
12
1 0 1 2 0 0 1 1
1 0 3 1 0 2 0 1
1 4 5 6 3 3 4 2
1 4 7 5 3 5 3 2
1 8 9 10 6 6 7 1
1 8 11 9 6 8 6 1
1 12 13 14 9 9 10 2
1 12 15 13 9 11 9 2
1 4 16 14 12 12 13 3
1 4 17 16 12 14 12 3
1 18 13 19 15 15 15 3
1 18 7 13 15 15 15 3
"Duplicate13" 1 0
40
1 -48.050621 125.681580 75.611938 0.000000 0.000000 -1
1 -85.083221 223.661682 152.501465 0.000000 1.000000 -1
1 -48.934631 113.993683 89.326355 1.000000 0.000000 -1
1 -85.967270 211.973755 166.215881 1.000000 1.000000 -1
1 -48.934631 113.993683 89.326355 0.000000 0.000000 -1
1 -85.967270 211.973755 166.215881 0.000000 1.000000 -1
1 -55.590546 121.806213 94.795898 1.000000 0.000000 -1
1 -92.623184 219.786255 171.685608 1.000000 1.000000 -1
1 -55.590546 121.806213 94.795898 0.000000 0.000000 -1
1 -92.623184 219.786255 171.685608 0.000000 1.000000 -1
1 -54.706474 133.494156 81.081543 1.000000 0.000000 -1
1 -91.739151 231.474213 157.971069 1.000000 1.000000 -1
1 -54.706474 133.494156 81.081543 0.000000 0.000000 -1
1 -91.739151 231.474213 157.971069 0.000000 1.000000 -1
1 -48.050621 125.681580 75.611938 1.000000 0.000000 -1
1 -85.083221 223.661682 152.501465 1.000000 1.000000 -1
1 -48.050621 125.681580 75.611938 0.000000 1.000000 -1
1 -48.934631 113.993683 89.326355 1.000000 1.000000 -1
1 -85.083221 223.661682 152.501465 0.000000 0.000000 -1
1 -85.967270 211.973755 166.215881 1.000000 0.000000 -1
1 -15.437134 45.983009 12.731445 0.000000 0.000000 -1
1 -52.469772 143.963028 89.620972 0.000000 1.000000 -1
1 -16.321182 34.294975 26.445740 1.000000 0.000000 -1
1 -53.353745 132.275146 103.335327 1.000000 1.000000 -1
1 -16.321182 34.294975 26.445740 0.000000 0.000000 -1
1 -53.353745 132.275146 103.335327 0.000000 1.000000 -1
1 -22.977020 42.107544 31.915405 1.000000 0.000000 -1
1 -60.009644 140.087570 108.804932 1.000000 1.000000 -1
1 -22.977020 42.107544 31.915405 0.000000 0.000000 -1
1 -60.009644 140.087570 108.804932 0.000000 1.000000 -1
1 -22.093018 53.795490 18.200989 1.000000 0.000000 -1
1 -59.125671 151.775635 95.090576 1.000000 1.000000 -1
1 -22.093018 53.795490 18.200989 0.000000 0.000000 -1
1 -59.125671 151.775635 95.090576 0.000000 1.000000 -1
1 -15.437134 45.983009 12.731445 1.000000 0.000000 -1
1 -52.469772 143.963028 89.620972 1.000000 1.000000 -1
1 -15.437134 45.983009 12.731445 0.000000 1.000000 -1
1 -16.321182 34.294975 26.445740 1.000000 1.000000 -1
1 -52.469772 143.963028 89.620972 0.000000 0.000000 -1
1 -53.353745 132.275146 103.335327 1.000000 0.000000 -1
36
0.956885 0.187718 0.221659
0.956885 0.187718 0.221660
0.956885 0.187717 0.221661
-0.134681 -0.642730 0.754161
-0.134663 -0.642728 0.754166
-0.134644 -0.642725 0.754172
-0.956885 -0.187716 -0.221663
-0.956885 -0.187717 -0.221661
-0.956885 -0.187719 -0.221660
0.134680 0.642730 -0.754162
0.134674 0.642729 -0.754164
0.134669 0.642728 -0.754165
-0.816367 -0.412520 -0.404193
-0.816365 -0.412524 -0.404193
-0.816363 -0.412529 -0.404193
0.816363 0.412526 0.404194
0.816365 0.412526 0.404192
0.816366 0.412525 0.404190
0.956885 0.187715 0.221663
0.956885 0.187717 0.221661
0.956885 0.187719 0.221658
-0.134666 -0.642727 0.754166
-0.134660 -0.642727 0.754168
-0.134653 -0.642726 0.754170
-0.956885 -0.187718 -0.221660
-0.956885 -0.187718 -0.221660
-0.956885 -0.187718 -0.221660
0.134674 0.642729 -0.754164
0.134679 0.642730 -0.754162
0.134683 0.642730 -0.754161
-0.816363 -0.412528 -0.404193
-0.816366 -0.412522 -0.404193
-0.816369 -0.412517 -0.404193
0.816366 0.412525 0.404189
0.816364 0.412526 0.404192
0.816362 0.412527 0.404196
24
1 0 1 2 0 1 1 1
1 1 3 2 1 2 1 1
1 4 5 6 3 4 4 2
1 5 7 6 4 5 4 2
1 8 9 10 6 7 7 1
1 9 11 10 7 8 7 1
1 12 13 14 9 10 10 2
1 13 15 14 10 11 10 2
1 12 16 6 12 13 13 3
1 16 17 6 13 14 13 3
1 18 13 19 15 16 16 3
1 13 7 19 16 17 16 3
1 20 21 22 18 19 19 1
1 21 23 22 19 20 19 1
1 24 25 26 21 22 22 2
1 25 27 26 22 23 22 2
1 28 29 30 24 25 25 1
1 29 31 30 25 26 25 1
1 32 33 34 27 28 28 2
1 33 35 34 28 29 28 2
1 32 36 26 30 31 31 3
1 36 37 26 31 32 31 3
1 38 33 39 33 34 34 3
1 33 27 39 34 35 34 3
"Duplicate14" 1 0
20
1 -5.259987 -6.941895 -60.133011 1.000000 0.000000 -1
1 -13.753975 3.233978 -201.936310 0.000000 1.000000 -1
1 5.386696 4.833527 -64.373978 0.000000 0.000000 -1
1 -24.400703 -8.541534 -197.695435 1.000000 1.000000 -1
1 -11.889534 10.511292 -57.780396 1.000000 0.000000 -1
1 -24.400703 -8.541534 -197.695435 0.000000 1.000000 -1
1 -5.259987 -6.941895 -60.133011 0.000000 0.000000 -1
1 -31.030296 8.911720 -195.342865 1.000000 1.000000 -1
1 -1.242851 22.286766 -62.021393 1.000000 0.000000 -1
1 -31.030296 8.911720 -195.342865 0.000000 1.000000 -1
1 -11.889534 10.511292 -57.780396 0.000000 0.000000 -1
1 -20.383522 20.687138 -199.583679 1.000000 1.000000 -1
1 5.386696 4.833527 -64.373978 1.000000 0.000000 -1
1 -20.383522 20.687138 -199.583679 0.000000 1.000000 -1
1 -1.242851 22.286766 -62.021393 0.000000 0.000000 -1
1 -13.753975 3.233978 -201.936310 1.000000 1.000000 -1
1 5.386696 4.833527 -64.373978 0.000000 1.000000 -1
1 -5.259987 -6.941895 -60.133011 1.000000 1.000000 -1
1 -24.400703 -8.541534 -197.695435 1.000000 0.000000 -1
1 -13.753975 3.233978 -201.936310 0.000000 0.000000 -1
18
0.721795 -0.685904 -0.092456
0.721794 -0.685905 -0.092456
0.721796 -0.685903 -0.092456
-0.920552 -0.367511 0.132361
-0.920552 -0.367511 0.132361
-0.920552 -0.367512 0.132361
-0.721794 0.685905 0.092456
-0.721795 0.685903 0.092457
-0.721792 0.685907 0.092455
0.920552 0.367511 -0.132361
0.920553 0.367510 -0.132361
0.920552 0.367512 -0.132361
0.359659 0.010849 0.933021
0.359659 0.010850 0.933021
0.359659 0.010848 0.933021
-0.359650 -0.010846 -0.933024
-0.359653 -0.010845 -0.933023
-0.359646 -0.010846 -0.933026
12
1 0 1 2 0 0 1 1
1 0 3 1 0 2 0 1
1 4 5 6 3 3 4 2
1 4 7 5 3 5 3 2
1 8 9 10 6 6 7 1
1 8 11 9 6 8 6 1
1 12 13 14 9 9 10 2
1 12 15 13 9 11 9 2
1 4 16 14 12 12 13 3
1 4 17 16 12 14 12 3
1 18 13 19 15 15 16 3
1 18 7 13 15 17 15 3
"Duplicate16" 1 0
20
1 1.147804 12.942719 47.257568 0.000000 0.000000 -1
1 34.003517 49.217506 172.295288 0.000000 1.000000 -1
1 7.563026 29.311806 37.838745 1.000000 0.000000 -1
1 40.418739 65.586586 162.876465 1.000000 1.000000 -1
1 7.563026 29.311806 37.838745 0.000000 0.000000 -1
1 40.418739 65.586586 162.876465 0.000000 1.000000 -1
1 17.297310 16.760620 34.393738 1.000000 0.000000 -1
1 50.153046 53.035439 159.431519 1.000000 1.000000 -1
1 17.297310 16.760620 34.393738 0.000000 0.000000 -1
1 50.153046 53.035439 159.431519 0.000000 1.000000 -1
1 10.882057 0.391510 43.812622 1.000000 0.000000 -1
1 43.737770 36.666336 168.850403 1.000000 1.000000 -1
1 10.882057 0.391510 43.812622 0.000000 0.000000 -1
1 43.737770 36.666336 168.850403 0.000000 1.000000 -1
1 1.147804 12.942719 47.257568 1.000000 0.000000 -1
1 34.003517 49.217506 172.295288 1.000000 1.000000 -1
1 1.147804 12.942719 47.257568 0.000000 1.000000 -1
1 7.563026 29.311806 37.838745 1.000000 1.000000 -1
1 34.003517 49.217506 172.295288 0.000000 0.000000 -1
1 40.418739 65.586586 162.876465 1.000000 0.000000 -1
18
-0.900598 0.419152 0.115046
-0.900598 0.419152 0.115046
-0.900598 0.419152 0.115046
0.685323 0.631204 -0.363199
0.685323 0.631204 -0.363199
0.685323 0.631205 -0.363199
0.900597 -0.419153 -0.115046
0.900597 -0.419154 -0.115046
0.900597 -0.419154 -0.115045
-0.685326 -0.631201 0.363199
-0.685326 -0.631201 0.363199
-0.685326 -0.631201 0.363199
-0.572987 -0.228348 -0.787111
-0.572987 -0.228347 -0.787111
-0.572987 -0.228346 -0.787111
0.572983 0.228349 0.787113
0.572984 0.228349 0.787113
0.572984 0.228349 0.787112
12
1 0 1 2 0 1 1 1
1 1 3 2 1 2 1 1
1 4 5 6 3 4 4 2
1 5 7 6 4 5 4 2
1 8 9 10 6 7 7 1
1 9 11 10 7 8 7 1
1 12 13 14 9 10 10 2
1 13 15 14 10 11 10 2
1 12 16 6 12 13 13 3
1 16 17 6 13 14 13 3
1 18 13 19 15 16 16 3
1 13 7 19 16 17 16 3
"Duplicate17" 1 0
20
1 78.828552 50.927383 -205.357513 0.000000 0.000000 -1
1 -1.472618 30.759834 -48.403687 0.000000 1.000000 -1
1 89.180542 50.718098 -193.494293 1.000000 0.000000 -1
1 8.879341 30.550510 -36.540466 1.000000 1.000000 -1
1 89.180542 50.718098 -193.494293 0.000000 0.000000 -1
1 8.879341 30.550510 -36.540466 0.000000 1.000000 -1
1 89.829620 28.263084 -195.086151 1.000000 0.000000 -1
1 9.528419 8.095505 -38.132385 1.000000 1.000000 -1
1 89.829620 28.263084 -195.086151 0.000000 0.000000 -1
1 9.528419 8.095505 -38.132385 0.000000 1.000000 -1
1 79.477661 28.472420 -206.949554 1.000000 0.000000 -1
1 -0.823601 8.304810 -49.995605 1.000000 1.000000 -1
1 79.477661 28.472420 -206.949554 0.000000 0.000000 -1
1 -0.823601 8.304810 -49.995605 0.000000 1.000000 -1
1 78.828552 50.927383 -205.357513 1.000000 0.000000 -1
1 -1.472618 30.759834 -48.403687 1.000000 1.000000 -1
1 78.828552 50.927383 -205.357513 0.000000 1.000000 -1
1 89.180542 50.718098 -193.494293 1.000000 1.000000 -1
1 -1.472618 30.759834 -48.403687 0.000000 0.000000 -1
1 8.879341 30.550510 -36.540466 1.000000 0.000000 -1
18
-0.079524 0.993037 0.086912
-0.079523 0.993037 0.086913
-0.079522 0.993037 0.086914
0.890569 -0.006499 0.454801
0.890569 -0.006499 0.454801
0.890569 -0.006500 0.454801
0.079522 -0.993037 -0.086914
0.079523 -0.993037 -0.086913
0.079523 -0.993037 -0.086913
-0.890570 0.006501 -0.454801
-0.890570 0.006502 -0.454800
-0.890570 0.006502 -0.454800
0.752315 0.068205 -0.655264
0.752312 0.068202 -0.655267
0.752309 0.068199 -0.655271
-0.752310 -0.068198 0.655270
-0.752309 -0.068200 0.655271
-0.752308 -0.068201 0.655272
12
1 0 1 2 0 1 1 1
1 1 3 2 1 2 1 1
1 4 5 6 3 4 4 2
1 5 7 6 4 5 4 2
1 8 9 10 6 7 7 1
1 9 11 10 7 8 7 1
1 12 13 14 9 10 10 2
1 13 15 14 10 11 10 2
1 12 16 6 12 13 13 3
1 16 17 6 13 14 13 3
1 18 13 19 15 16 16 3
1 13 7 19 16 17 16 3
"Box10" 1 0
20
1 21.713585 52.049595 -17.755371 0.000000 0.000000 -1
1 9.493111 54.315300 -18.006775 0.000000 1.000000 -1
1 22.714394 65.281609 -33.281494 1.000000 0.000000 -1
1 10.493996 67.547287 -33.532837 1.000000 1.000000 -1
1 22.714394 65.281609 -33.281494 0.000000 0.000000 -1
1 10.493996 67.547287 -33.532837 0.000000 1.000000 -1
1 23.622231 80.283630 -20.333923 1.000000 0.000000 -1
1 11.401848 82.549393 -20.585327 1.000000 1.000000 -1
1 23.622231 80.283630 -20.333923 0.000000 0.000000 -1
1 11.401848 82.549393 -20.585327 0.000000 1.000000 -1
1 22.621468 67.051712 -4.807800 1.000000 0.000000 -1
1 10.401039 69.317398 -5.059204 1.000000 1.000000 -1
1 22.621468 67.051712 -4.807800 0.000000 0.000000 -1
1 10.401039 69.317398 -5.059204 0.000000 1.000000 -1
1 21.713585 52.049595 -17.755371 1.000000 0.000000 -1
1 9.493111 54.315300 -18.006775 1.000000 1.000000 -1
1 21.713585 52.049595 -17.755371 0.000000 1.000000 -1
1 22.714394 65.281609 -33.281494 1.000000 1.000000 -1
1 9.493111 54.315300 -18.006775 0.000000 0.000000 -1
1 10.493996 67.547287 -33.532837 1.000000 0.000000 -1
18
-0.125906 -0.751019 -0.648166
-0.125907 -0.751018 -0.648166
-0.125909 -0.751017 -0.648167
0.134675 0.642732 -0.754160
0.134678 0.642730 -0.754162
0.134682 0.642727 -0.754163
0.125911 0.751020 0.648162
0.125909 0.751020 0.648164
0.125906 0.751019 0.648165
-0.134678 -0.642729 0.754162
-0.134678 -0.642729 0.754162
-0.134678 -0.642729 0.754162
0.997741 -0.066772 0.007406
0.997741 -0.066772 0.007407
0.997741 -0.066772 0.007409
-0.997740 0.066777 -0.007409
-0.997741 0.066775 -0.007408
-0.997741 0.066772 -0.007408
12
1 0 1 2 0 1 1 1
1 1 3 2 1 2 1 1
1 4 5 6 3 4 4 2
1 5 7 6 4 5 4 2
1 8 9 10 6 7 7 1
1 9 11 10 7 8 7 1
1 12 13 14 9 10 10 2
1 13 15 14 10 11 10 2
1 12 16 6 12 13 13 3
1 16 17 6 13 14 13 3
1 18 13 19 15 16 16 3
1 13 7 19 16 17 16 3
"Box11" 1 0
20
1 -8.117546 27.606026 11.808533 0.000000 0.000000 -1
1 -19.275330 29.674679 11.579041 0.000000 1.000000 -1
1 -7.102257 41.029789 -3.942566 1.000000 0.000000 -1
1 -18.260033 43.098473 -4.172058 1.000000 1.000000 -1
1 -7.102257 41.029789 -3.942566 0.000000 0.000000 -1
1 -18.260033 43.098473 -4.172058 0.000000 1.000000 -1
1 -6.153709 56.703625 9.584778 1.000000 0.000000 -1
1 -17.311485 58.772358 9.355164 1.000000 1.000000 -1
1 -6.153709 56.703625 9.584778 0.000000 0.000000 -1
1 -17.311485 58.772358 9.355164 0.000000 1.000000 -1
1 -7.168999 43.279816 25.335938 1.000000 0.000000 -1
1 -18.326775 45.348526 25.106323 1.000000 1.000000 -1
1 -7.168999 43.279816 25.335938 0.000000 0.000000 -1
1 -18.326775 45.348526 25.106323 0.000000 1.000000 -1
1 -8.117546 27.606026 11.808533 1.000000 0.000000 -1
1 -19.275330 29.674679 11.579041 1.000000 1.000000 -1
1 -8.117546 27.606026 11.808533 0.000000 1.000000 -1
1 -7.102257 41.029789 -3.942566 1.000000 1.000000 -1
1 -19.275330 29.674679 11.579041 0.000000 0.000000 -1
1 -18.260033 43.098473 -4.172058 1.000000 0.000000 -1
18
-0.125907 -0.751018 -0.648166
-0.125908 -0.751018 -0.648166
-0.125909 -0.751017 -0.648167
0.134676 0.642731 -0.754162
0.134681 0.642728 -0.754163
0.134686 0.642725 -0.754165
0.125906 0.751019 0.648166
0.125905 0.751018 0.648166
0.125904 0.751018 0.648166
-0.134686 -0.642732 0.754158
-0.134680 -0.642731 0.754161
-0.134674 -0.642729 0.754163
0.997741 -0.066773 0.007406
0.997741 -0.066773 0.007406
0.997741 -0.066773 0.007406
-0.997741 0.066773 -0.007406
-0.997741 0.066773 -0.007406
-0.997741 0.066773 -0.007406
12
1 0 1 2 0 1 1 1
1 1 3 2 1 2 1 1
1 4 5 6 3 4 4 2
1 5 7 6 4 5 4 2
1 8 9 10 6 7 7 1
1 9 11 10 7 8 7 1
1 12 13 14 9 10 10 2
1 13 15 14 10 11 10 2
1 12 16 6 12 13 13 3
1 16 17 6 13 14 13 3
1 18 13 19 15 16 16 3
1 13 7 19 16 17 16 3
"Duplicate19" 1 0
20
1 39.209114 -25.379379 162.303467 0.000000 0.000000 -1
1 -10.577446 -24.983757 47.962769 0.000000 1.000000 -1
1 49.443573 -20.037247 149.976257 1.000000 0.000000 -1
1 -0.343010 -19.641762 35.635559 1.000000 1.000000 -1
1 49.443573 -20.037247 149.976257 0.000000 0.000000 -1
1 -0.343010 -19.641762 35.635559 0.000000 1.000000 -1
1 46.973999 0.105209 153.024963 1.000000 0.000000 -1
1 -2.812584 0.500809 38.684204 1.000000 1.000000 -1
1 46.973999 0.105209 153.024963 0.000000 0.000000 -1
1 -2.812584 0.500809 38.684204 0.000000 1.000000 -1
1 36.739601 -5.236786 165.352295 1.000000 0.000000 -1
1 -13.046967 -4.841286 51.011475 1.000000 1.000000 -1
1 36.739601 -5.236786 165.352295 0.000000 0.000000 -1
1 -13.046967 -4.841286 51.011475 0.000000 1.000000 -1
1 39.209114 -25.379379 162.303467 1.000000 0.000000 -1
1 -10.577446 -24.983757 47.962769 1.000000 1.000000 -1
1 39.209114 -25.379379 162.303467 0.000000 1.000000 -1
1 49.443573 -20.037247 149.976257 1.000000 1.000000 -1
1 -10.577446 -24.983757 47.962769 0.000000 0.000000 -1
1 -0.343010 -19.641762 35.635559 1.000000 0.000000 -1
18
0.318367 -0.937292 -0.141867
0.318364 -0.937293 -0.141865
0.318361 -0.937295 -0.141864
0.903683 0.170264 -0.392896
0.903683 0.170263 -0.392896
0.903684 0.170262 -0.392895
-0.318360 0.937295 0.141864
-0.318363 0.937294 0.141865
-0.318366 0.937292 0.141866
-0.903684 -0.170263 0.392895
-0.903684 -0.170262 0.392895
-0.903684 -0.170262 0.392895
0.769867 -0.002213 0.638200
0.769864 -0.002210 0.638204
0.769861 -0.002208 0.638207
-0.769862 0.002210 -0.638206
-0.769863 0.002208 -0.638205
-0.769864 0.002205 -0.638204
12
1 0 1 2 0 1 1 1
1 1 3 2 1 2 1 1
1 4 5 6 3 4 4 2
1 5 7 6 4 5 4 2
1 8 9 10 6 7 7 1
1 9 11 10 7 8 7 1
1 12 13 14 9 10 10 2
1 13 15 14 10 11 10 2
1 12 16 6 12 13 13 3
1 16 17 6 13 14 13 3
1 18 13 19 15 16 16 3
1 13 7 19 16 17 16 3
"Duplicate20" 1 0
20
1 2.473122 24.534538 22.265808 1.000000 0.000000 -1
1 51.295166 118.448593 87.188904 0.000000 1.000000 -1
1 3.357155 36.222446 8.551453 0.000000 0.000000 -1
1 50.411102 106.760635 100.903259 1.000000 1.000000 -1
1 9.916359 29.733002 28.025452 1.000000 0.000000 -1
1 50.411102 106.760635 100.903259 0.000000 1.000000 -1
1 2.473122 24.534538 22.265808 0.000000 0.000000 -1
1 57.854248 111.959229 106.662781 1.000000 1.000000 -1
1 10.800423 41.420971 14.311096 1.000000 0.000000 -1
1 57.854248 111.959229 106.662781 0.000000 1.000000 -1
1 9.916359 29.733002 28.025452 0.000000 0.000000 -1
1 58.738403 123.647125 92.948486 1.000000 1.000000 -1
1 3.357155 36.222446 8.551453 1.000000 0.000000 -1
1 58.738403 123.647125 92.948486 0.000000 1.000000 -1
1 10.800423 41.420971 14.311096 0.000000 0.000000 -1
1 51.295166 118.448593 87.188904 1.000000 1.000000 -1
1 3.357155 36.222446 8.551453 0.000000 1.000000 -1
1 2.473122 24.534538 22.265808 1.000000 1.000000 -1
1 50.411102 106.760635 100.903259 1.000000 0.000000 -1
1 51.295166 118.448593 87.188904 0.000000 0.000000 -1
18
-0.919446 0.326560 0.219039
-0.919446 0.326560 0.219039
-0.919446 0.326560 0.219038
-0.134673 -0.642731 0.754161
-0.134691 -0.642725 0.754164
-0.134655 -0.642738 0.754159
0.919446 -0.326561 -0.219036
0.919446 -0.326559 -0.219038
0.919446 -0.326563 -0.219035
0.134676 0.642730 -0.754162
0.134681 0.642728 -0.754163
0.134670 0.642733 -0.754161
0.715897 -0.553512 -0.425578
0.715897 -0.553511 -0.425578
0.715897 -0.553512 -0.425578
-0.715900 0.553511 0.425574
-0.715897 0.553511 0.425577
-0.715902 0.553511 0.425571
12
1 0 1 2 0 0 1 1
1 0 3 1 0 2 0 1
1 4 5 6 3 3 4 2
1 4 7 5 3 5 3 2
1 8 9 10 6 6 7 1
1 8 11 9 6 8 6 1
1 12 13 14 9 9 10 2
1 12 15 13 9 11 9 2
1 4 16 14 12 12 13 3
1 4 17 16 12 14 12 3
1 18 13 19 15 15 16 3
1 18 7 13 15 17 15 3
"Box12" 1 0
20
1 -13.366745 4.397453 2.383057 0.000000 0.000000 -1
1 -58.529099 12.770752 1.454041 0.000000 1.000000 -1
1 -12.442101 16.622658 -11.961731 1.000000 0.000000 -1
1 -57.604431 24.995934 -12.890625 1.000000 1.000000 -1
1 -12.442101 16.622658 -11.961731 0.000000 0.000000 -1
1 -57.604431 24.995934 -12.890625 0.000000 1.000000 -1
1 -11.683296 29.161728 -1.139832 1.000000 0.000000 -1
1 -56.845596 37.535015 -2.068787 1.000000 1.000000 -1
1 -11.683296 29.161728 -1.139832 0.000000 0.000000 -1
1 -56.845596 37.535015 -2.068787 0.000000 1.000000 -1
1 -12.607933 16.936497 13.204956 1.000000 0.000000 -1
1 -57.770302 25.309822 12.275940 1.000000 1.000000 -1
1 -12.607933 16.936497 13.204956 0.000000 0.000000 -1
1 -57.770302 25.309822 12.275940 0.000000 1.000000 -1
1 -13.366745 4.397453 2.383057 1.000000 0.000000 -1
1 -58.529099 12.770752 1.454041 1.000000 1.000000 -1
1 -13.366745 4.397453 2.383057 0.000000 1.000000 -1
1 -12.442101 16.622658 -11.961731 1.000000 1.000000 -1
1 -58.529099 12.770752 1.454041 0.000000 0.000000 -1
1 -57.604431 24.995934 -12.890625 1.000000 0.000000 -1
18
-0.125909 -0.751019 -0.648165
-0.125910 -0.751018 -0.648166
-0.125910 -0.751017 -0.648167
0.134677 0.642732 -0.754161
0.134677 0.642730 -0.754162
0.134677 0.642729 -0.754163
0.125910 0.751018 0.648165
0.125910 0.751018 0.648166
0.125909 0.751018 0.648166
-0.134679 -0.642732 0.754160
-0.134679 -0.642732 0.754160
-0.134679 -0.642731 0.754160
0.997741 -0.066772 0.007407
0.997741 -0.066772 0.007407
0.997741 -0.066772 0.007408
-0.997741 0.066772 -0.007409
-0.997741 0.066774 -0.007409
-0.997741 0.066775 -0.007409
12
1 0 1 2 0 1 1 1
1 1 3 2 1 2 1 1
1 4 5 6 3 4 4 2
1 5 7 6 4 5 4 2
1 8 9 10 6 7 7 1
1 9 11 10 7 8 7 1
1 12 13 14 9 10 10 2
1 13 15 14 10 11 10 2
1 12 16 6 12 13 13 3
1 16 17 6 13 14 13 3
1 18 13 19 15 16 16 3
1 13 7 19 16 17 16 3
"Duplicate21" 1 0
20
1 -59.480820 15.699734 5.708984 0.000000 0.000000 -1
1 -104.643036 24.072948 4.780029 0.000000 1.000000 -1
1 -58.556076 27.924957 -8.635742 1.000000 0.000000 -1
1 -103.718338 36.298279 -9.564758 1.000000 1.000000 -1
1 -58.556076 27.924957 -8.635742 0.000000 0.000000 -1
1 -103.718338 36.298279 -9.564758 0.000000 1.000000 -1
1 -57.797318 40.464073 2.186157 1.000000 0.000000 -1
1 -102.959564 48.837303 1.257141 1.000000 1.000000 -1
1 -57.797318 40.464073 2.186157 0.000000 0.000000 -1
1 -102.959564 48.837303 1.257141 0.000000 1.000000 -1
1 -58.721954 28.238865 16.530884 1.000000 0.000000 -1
1 -103.884125 36.612095 15.601868 1.000000 1.000000 -1
1 -58.721954 28.238865 16.530884 0.000000 0.000000 -1
1 -103.884125 36.612095 15.601868 0.000000 1.000000 -1
1 -59.480820 15.699734 5.708984 1.000000 0.000000 -1
1 -104.643036 24.072948 4.780029 1.000000 1.000000 -1
1 -59.480820 15.699734 5.708984 0.000000 1.000000 -1
1 -58.556076 27.924957 -8.635742 1.000000 1.000000 -1
1 -104.643036 24.072948 4.780029 0.000000 0.000000 -1
1 -103.718338 36.298279 -9.564758 1.000000 0.000000 -1
18
-0.125909 -0.751017 -0.648167
-0.125909 -0.751016 -0.648168
-0.125909 -0.751016 -0.648169
0.134679 0.642730 -0.754161
0.134679 0.642732 -0.754160
0.134678 0.642733 -0.754159
0.125908 0.751018 0.648166
0.125908 0.751018 0.648166
0.125908 0.751018 0.648166
-0.134678 -0.642729 0.754162
-0.134677 -0.642728 0.754164
-0.134676 -0.642727 0.754165
0.997741 -0.066774 0.007405
0.997741 -0.066773 0.007409
0.997741 -0.066773 0.007413
-0.997740 0.066778 -0.007405
-0.997741 0.066773 -0.007405
-0.997741 0.066767 -0.007405
12
1 0 1 2 0 1 1 1
1 1 3 2 1 2 1 1
1 4 5 6 3 4 4 2
1 5 7 6 4 5 4 2
1 8 9 10 6 7 7 1
1 9 11 10 7 8 7 1
1 12 13 14 9 10 10 2
1 13 15 14 10 11 10 2
1 12 16 6 12 13 13 3
1 16 17 6 13 14 13 3
1 18 13 19 15 16 16 3
1 13 7 19 16 17 16 3
"Duplicate22" 1 0
20
1 139.664612 8.524536 0.403015 1.000000 0.000000 -1
1 183.902100 -12.073959 15.676819 0.000000 1.000000 -1
1 138.739929 -3.700600 14.747681 0.000000 0.000000 -1
1 184.826935 0.151230 1.332031 1.000000 1.000000 -1
1 140.423462 21.063690 11.225037 1.000000 0.000000 -1
1 184.826935 0.151230 1.332031 0.000000 1.000000 -1
1 139.664612 8.524536 0.403015 0.000000 0.000000 -1
1 185.585754 12.690338 12.153992 1.000000 1.000000 -1
1 139.498779 8.838425 25.569702 1.000000 0.000000 -1
1 185.585754 12.690338 12.153992 0.000000 1.000000 -1
1 140.423462 21.063690 11.225037 0.000000 0.000000 -1
1 184.661133 0.465141 26.498718 1.000000 1.000000 -1
1 138.739929 -3.700600 14.747681 1.000000 0.000000 -1
1 184.661133 0.465141 26.498718 0.000000 1.000000 -1
1 139.498779 8.838425 25.569702 0.000000 0.000000 -1
1 183.902100 -12.073959 15.676819 1.000000 1.000000 -1
1 138.739929 -3.700600 14.747681 0.000000 1.000000 -1
1 139.664612 8.524536 0.403015 1.000000 1.000000 -1
1 184.826935 0.151230 1.332031 1.000000 0.000000 -1
1 183.902100 -12.073959 15.676819 0.000000 0.000000 -1
18
-0.125909 -0.751018 -0.648165
-0.125909 -0.751018 -0.648166
-0.125909 -0.751019 -0.648165
0.134679 0.642733 -0.754159
0.134679 0.642733 -0.754159
0.134679 0.642732 -0.754160
0.125909 0.751016 0.648168
0.125910 0.751014 0.648170
0.125909 0.751018 0.648166
-0.134681 -0.642733 0.754159
-0.134679 -0.642737 0.754156
-0.134682 -0.642729 0.754162
-0.997741 0.066775 -0.007407
-0.997741 0.066775 -0.007407
-0.997741 0.066775 -0.007408
0.997740 -0.066780 0.007406
0.997740 -0.066789 0.007406
0.997741 -0.066771 0.007406
12
1 0 1 2 0 0 1 1
1 0 3 1 0 2 0 1
1 4 5 6 3 3 4 2
1 4 7 5 3 5 3 2
1 8 9 10 6 6 7 1
1 8 11 9 6 8 6 1
1 12 13 14 9 9 10 2
1 12 15 13 9 11 9 2
1 4 16 14 12 12 13 3
1 4 17 16 12 14 12 3
1 18 13 19 15 15 16 3
1 18 7 13 15 17 15 3
"Duplicate23" 1 0
20
1 -105.854294 -36.300079 224.056763 1.000000 0.000000 -1
1 -15.201057 -16.341873 62.844788 0.000000 1.000000 -1
1 -95.502304 -36.509369 237.237915 0.000000 0.000000 -1
1 -25.553032 -16.132523 49.663452 1.000000 1.000000 -1
1 -106.503296 -13.845078 225.825317 1.000000 0.000000 -1
1 -25.553032 -16.132523 49.663452 0.000000 1.000000 -1
1 -105.854294 -36.300079 224.056763 0.000000 0.000000 -1
1 -26.202057 6.322495 51.432312 1.000000 1.000000 -1
1 -96.151291 -14.054359 239.006836 1.000000 0.000000 -1
1 -26.202057 6.322495 51.432312 0.000000 1.000000 -1
1 -106.503296 -13.845078 225.825317 0.000000 0.000000 -1
1 -15.850075 6.113174 64.613708 1.000000 1.000000 -1
1 -95.502304 -36.509369 237.237915 1.000000 0.000000 -1
1 -15.850075 6.113174 64.613708 0.000000 1.000000 -1
1 -96.151291 -14.054359 239.006836 0.000000 0.000000 -1
1 -15.201057 -16.341873 62.844788 1.000000 1.000000 -1
1 -95.502304 -36.509369 237.237915 0.000000 1.000000 -1
1 -105.854294 -36.300079 224.056763 1.000000 1.000000 -1
1 -25.553032 -16.132523 49.663452 1.000000 0.000000 -1
1 -15.201057 -16.341873 62.844788 0.000000 0.000000 -1
18
0.079579 -0.993750 -0.078278
0.079580 -0.993750 -0.078278
0.079577 -0.993750 -0.078279
-0.908603 0.006632 -0.417609
-0.908603 0.006630 -0.417609
-0.908603 0.006635 -0.417609
-0.079581 0.993750 0.078278
-0.079582 0.993750 0.078277
-0.079579 0.993750 0.078278
0.908603 -0.006637 0.417609
0.908603 -0.006637 0.417608
0.908603 -0.006636 0.417609
-0.785011 -0.071161 0.615381
-0.785015 -0.071165 0.615376
-0.785007 -0.071156 0.615386
0.785012 0.071166 -0.615379
0.785012 0.071166 -0.615379
0.785013 0.071165 -0.615378
12
1 0 1 2 0 0 1 1
1 0 3 1 0 2 0 1
1 4 5 6 3 3 4 2
1 4 7 5 3 5 3 2
1 8 9 10 6 6 7 1
1 8 11 9 6 8 6 1
1 12 13 14 9 9 10 2
1 12 15 13 9 11 9 2
1 4 16 14 12 12 13 3
1 4 17 16 12 14 12 3
1 18 13 19 15 15 16 3
1 18 7 13 15 17 15 3
"Duplicate24" 1 0
20
1 82.651398 -19.381226 15.161011 0.000000 0.000000 -1
1 37.489082 -11.007927 14.232056 0.000000 1.000000 -1
1 83.576050 -7.155945 0.816223 1.000000 0.000000 -1
1 38.413719 1.217331 -0.112732 1.000000 1.000000 -1
1 83.576050 -7.155945 0.816223 0.000000 0.000000 -1
1 38.413719 1.217331 -0.112732 0.000000 1.000000 -1
1 84.334869 5.383072 11.638123 1.000000 0.000000 -1
1 39.172554 13.756397 10.709106 1.000000 1.000000 -1
1 84.334869 5.383072 11.638123 0.000000 0.000000 -1
1 39.172554 13.756397 10.709106 0.000000 1.000000 -1
1 83.410217 -6.842133 25.982849 1.000000 0.000000 -1
1 38.247871 1.531204 25.053894 1.000000 1.000000 -1
1 83.410217 -6.842133 25.982849 0.000000 0.000000 -1
1 38.247871 1.531204 25.053894 0.000000 1.000000 -1
1 82.651398 -19.381226 15.161011 1.000000 0.000000 -1
1 37.489082 -11.007927 14.232056 1.000000 1.000000 -1
1 82.651398 -19.381226 15.161011 0.000000 1.000000 -1
1 83.576050 -7.155945 0.816223 1.000000 1.000000 -1
1 37.489082 -11.007927 14.232056 0.000000 0.000000 -1
1 38.413719 1.217331 -0.112732 1.000000 0.000000 -1
18
-0.125910 -0.751017 -0.648167
-0.125910 -0.751017 -0.648166
-0.125909 -0.751018 -0.648166
0.134678 0.642733 -0.754159
0.134678 0.642731 -0.754161
0.134679 0.642729 -0.754162
0.125909 0.751018 0.648166
0.125910 0.751018 0.648165
0.125911 0.751019 0.648164
-0.134678 -0.642729 0.754163
-0.134678 -0.642728 0.754163
-0.134677 -0.642728 0.754164
0.997741 -0.066772 0.007407
0.997741 -0.066772 0.007407
0.997741 -0.066773 0.007407
-0.997741 0.066770 -0.007408
-0.997741 0.066772 -0.007408
-0.997741 0.066774 -0.007408
12
1 0 1 2 0 1 1 1
1 1 3 2 1 2 1 1
1 4 5 6 3 4 4 2
1 5 7 6 4 5 4 2
1 8 9 10 6 7 7 1
1 9 11 10 7 8 7 1
1 12 13 14 9 10 10 2
1 13 15 14 10 11 10 2
1 12 16 6 12 13 13 3
1 16 17 6 13 14 13 3
1 18 13 19 15 16 16 3
1 13 7 19 16 17 16 3
"GeoSphere01" 1 2
42
1 -15.274887 0.175262 34.924561 0.000000 0.000000 -1
1 4.711311 0.175262 40.602173 0.000000 0.000000 -1
1 -7.036278 19.183262 33.341797 0.000000 0.000000 -1
1 4.711311 32.513603 22.572388 0.000000 0.000000 -1
1 16.458900 19.183262 33.341797 0.000000 0.000000 -1
1 24.697502 0.175262 34.924561 0.000000 0.000000 -1
1 -26.044281 11.922852 21.594177 0.000000 0.000000 -1
1 -27.627029 20.161461 2.586182 0.000000 0.000000 -1
1 -14.296692 30.930859 14.333801 0.000000 0.000000 -1
1 -14.296692 30.930859 -9.161377 0.000000 0.000000 -1
1 4.711311 32.513603 -17.400024 0.000000 0.000000 -1
1 4.711311 38.191261 2.586182 0.000000 0.000000 -1
1 23.719307 30.930859 14.333801 0.000000 0.000000 -1
1 23.719307 30.930859 -9.161377 0.000000 0.000000 -1
1 37.049660 20.161461 2.586182 0.000000 0.000000 -1
1 35.466896 11.922852 21.594177 0.000000 0.000000 -1
1 42.727303 0.175262 2.586182 0.000000 0.000000 -1
1 37.049660 -19.810936 2.586182 0.000000 0.000000 -1
1 35.466896 -11.572327 21.594177 0.000000 0.000000 -1
1 35.466896 11.922852 -16.421814 0.000000 0.000000 -1
1 24.697502 0.175262 -29.752136 0.000000 0.000000 -1
1 35.466896 -11.572327 -16.421814 0.000000 0.000000 -1
1 16.458900 19.183262 -28.169373 0.000000 0.000000 -1
1 -7.036278 19.183262 -28.169373 0.000000 0.000000 -1
1 -15.274887 0.175262 -29.752136 0.000000 0.000000 -1
1 4.711311 0.175262 -35.429810 0.000000 0.000000 -1
1 -7.036278 -18.832733 -28.169373 0.000000 0.000000 -1
1 4.711311 -32.163078 -17.400024 0.000000 0.000000 -1
1 16.458900 -18.832733 -28.169373 0.000000 0.000000 -1
1 23.719307 -30.580330 -9.161377 0.000000 0.000000 -1
1 4.711311 -37.840736 2.586182 0.000000 0.000000 -1
1 4.711311 -32.163078 22.572388 0.000000 0.000000 -1
1 23.719307 -30.580330 14.333801 0.000000 0.000000 -1
1 -14.296692 -30.580330 -9.161377 0.000000 0.000000 -1
1 -27.627029 -19.810936 2.586182 0.000000 0.000000 -1
1 -14.296692 -30.580330 14.333801 0.000000 0.000000 -1
1 -26.044281 -11.572327 21.594177 0.000000 0.000000 -1
1 -7.036278 -18.832733 33.341797 0.000000 0.000000 -1
1 16.458900 -18.832733 33.341797 0.000000 0.000000 -1
1 -33.304688 0.175262 2.586182 0.000000 0.000000 -1
1 -26.044281 11.922852 -16.421814 0.000000 0.000000 -1
1 -26.044281 -11.572327 -16.421814 0.000000 0.000000 -1
42
-0.525731 -0.000000 0.850651
0.000000 -0.000000 1.000000
-0.309017 0.500000 0.809017
0.000000 0.850651 0.525731
0.309017 0.500000 0.809017
0.525731 -0.000000 0.850651
-0.809017 0.309017 0.499999
-0.850651 0.525731 -0.000000
-0.500000 0.809017 0.309017
-0.500000 0.809017 -0.309017
0.000000 0.850650 -0.525732
0.000000 1.000000 0.000000
0.500000 0.809017 0.309017
0.500000 0.809017 -0.309017
0.850651 0.525731 -0.000000
0.809017 0.309017 0.500000
1.000000 0.000000 0.000000
0.850651 -0.525731 -0.000000
0.809017 -0.309017 0.500000
0.809017 0.309017 -0.500000
0.525731 -0.000000 -0.850651
0.809017 -0.309017 -0.500000
0.309017 0.500000 -0.809017
-0.309017 0.500000 -0.809017
-0.525731 -0.000000 -0.850651
0.000000 -0.000000 -1.000000
-0.309017 -0.500000 -0.809017
0.000000 -0.850650 -0.525732
0.309017 -0.500000 -0.809017
0.500000 -0.809017 -0.309017
0.000000 -1.000000 0.000000
0.000000 -0.850651 0.525731
0.500000 -0.809017 0.309017
-0.500000 -0.809017 -0.309017
-0.850651 -0.525731 -0.000000
-0.500000 -0.809017 0.309017
-0.809017 -0.309017 0.499999
-0.309017 -0.500000 0.809017
0.309017 -0.500000 0.809017
-1.000000 0.000000 0.000000
-0.809017 0.309017 -0.500000
-0.809017 -0.309017 -0.500000
80
1 0 1 2 0 1 2 1
1 3 2 4 3 2 4 1
1 5 4 1 5 4 1 1
1 2 1 4 2 1 4 1
1 0 2 6 0 2 6 1
1 7 6 8 7 6 8 1
1 3 8 2 3 8 2 1
1 6 2 8 6 2 8 1
1 7 8 9 7 8 9 1
1 10 9 11 10 9 11 1
1 3 11 8 3 11 8 1
1 9 8 11 9 8 11 1
1 3 12 11 3 12 11 1
1 10 11 13 10 11 13 1
1 14 13 12 14 13 12 1
1 11 12 13 11 12 13 1
1 3 4 12 3 4 12 1
1 14 12 15 14 12 15 1
1 5 15 4 5 15 4 1
1 12 4 15 12 4 15 1
1 14 15 16 14 15 16 1
1 17 16 18 17 16 18 1
1 5 18 15 5 18 15 1
1 16 15 18 16 15 18 1
1 14 16 19 14 16 19 1
1 20 19 21 20 19 21 1
1 17 21 16 17 21 16 1
1 19 16 21 19 16 21 1
1 10 13 22 10 13 22 1
1 20 22 19 20 22 19 1
1 14 19 13 14 19 13 1
1 22 13 19 22 13 19 1
1 10 22 23 10 22 23 1
1 24 23 25 24 23 25 1
1 20 25 22 20 25 22 1
1 23 22 25 23 22 25 1
1 24 25 26 24 25 26 1
1 27 26 28 27 26 28 1
1 20 28 25 20 28 25 1
1 26 25 28 26 25 28 1
1 27 28 29 27 28 29 1
1 17 29 21 17 29 21 1
1 20 21 28 20 21 28 1
1 29 28 21 29 28 21 1
1 27 29 30 27 29 30 1
1 31 30 32 31 30 32 1
1 17 32 29 17 32 29 1
1 30 29 32 30 29 32 1
1 27 30 33 27 30 33 1
1 34 33 35 34 33 35 1
1 31 35 30 31 35 30 1
1 33 30 35 33 30 35 1
1 34 35 36 34 35 36 1
1 0 36 37 0 36 37 1
1 31 37 35 31 37 35 1
1 36 35 37 36 35 37 1
1 0 37 1 0 37 1 1
1 5 1 38 5 1 38 1
1 31 38 37 31 38 37 1
1 1 37 38 1 37 38 1
1 31 32 38 31 32 38 1
1 5 38 18 5 38 18 1
1 17 18 32 17 18 32 1
1 38 32 18 38 32 18 1
1 7 39 6 7 39 6 1
1 0 6 36 0 6 36 1
1 34 36 39 34 36 39 1
1 6 39 36 6 39 36 1
1 7 40 39 7 40 39 1
1 34 39 41 34 39 41 1
1 24 41 40 24 41 40 1
1 39 40 41 39 40 41 1
1 7 9 40 7 9 40 1
1 24 40 23 24 40 23 1
1 10 23 9 10 23 9 1
1 40 9 23 40 9 23 1
1 27 33 26 27 33 26 1
1 24 26 41 24 26 41 1
1 34 41 33 34 41 33 1
1 26 33 41 26 33 41 1
