// MilkShape 3D ASCII

Frames: 30
Frame: 1

Meshes: 2
"Cylinder07" 1 0
22
1 -218.977005 1621.936279 673.942017 1.953010 0.000000 -1
1 0.000000 1621.936279 708.624451 2.001953 0.000000 -1
1 0.000000 -1388.063721 708.624451 2.001953 1.000000 -1
1 -218.977005 -1388.063721 673.942017 1.953010 1.000000 -1
1 -416.519043 -1388.063721 573.289307 1.810970 1.000000 -1
1 -416.519043 1621.936279 573.289307 1.810970 0.000000 -1
1 -573.289185 1621.936279 416.519073 1.589738 0.000000 -1
1 -573.289185 -1388.063721 416.519073 1.589738 1.000000 -1
1 -673.941956 -1388.063721 218.977081 1.310970 1.000000 -1
1 -673.941956 1621.936279 218.977081 1.310970 0.000000 -1
1 -708.624451 1621.936279 0.000070 1.001953 0.000000 -1
1 -708.624451 -1388.063721 0.000070 1.001953 1.000000 -1
1 -673.941956 -1388.063721 -218.976944 0.692936 1.000000 -1
1 -673.941956 1621.936279 -218.976944 0.692936 0.000000 -1
1 -573.289185 1621.936279 -416.518951 0.414168 0.000000 -1
1 -573.289185 -1388.063721 -416.518951 0.414168 1.000000 -1
1 -416.519043 -1388.063721 -573.289185 0.192936 1.000000 -1
1 -416.519043 1621.936279 -573.289185 0.192936 0.000000 -1
1 -218.977005 1621.936279 -673.941895 0.050897 0.000000 -1
1 -218.977005 -1388.063721 -673.941895 0.050897 1.000000 -1
1 0.000000 -1388.063721 -708.624390 0.001953 1.000000 -1
1 0.000000 1621.936279 -708.624390 0.001953 0.000000 -1
14
0.309017 0.000000 -0.951057
0.156434 0.000000 -0.987688
0.309017 0.000000 -0.951057
0.587785 0.000000 -0.809017
0.809017 0.000000 -0.587785
0.951056 0.000000 -0.309017
1.000000 0.000000 0.000000
0.951056 0.000000 0.309017
0.809017 0.000000 0.587785
0.809017 0.000000 0.587785
0.587785 0.000000 0.809017
0.309017 0.000000 0.951057
0.309017 0.000000 0.951057
0.156434 0.000000 0.987688
20
1 0 1 2 0 1 1 1
1 3 0 2 2 0 1 1
1 4 0 3 3 0 2 1
1 4 5 0 3 3 0 1
1 6 5 4 4 3 3 1
1 7 6 4 4 4 3 1
1 8 6 7 5 4 4 1
1 8 9 6 5 5 4 1
1 10 9 8 6 5 5 1
1 11 10 8 6 6 5 1
1 12 10 11 7 6 6 1
1 12 13 10 7 7 6 1
1 14 13 12 8 7 7 1
1 15 14 12 9 8 7 1
1 16 14 15 10 8 9 1
1 16 17 14 10 10 8 1
1 18 17 16 11 10 10 1
1 19 18 16 12 11 10 1
1 20 18 19 13 11 12 1
1 20 21 18 13 13 11 1
"Duplicate00" 1 0
22
1 -0.000000 -1388.063721 708.624451 -1.001953 1.000000 -1
1 -0.000000 1621.936279 708.624451 -1.001953 0.000000 -1
1 218.977005 1621.936279 673.942017 -0.953010 0.000000 -1
1 218.977005 -1388.063721 673.942017 -0.953010 1.000000 -1
1 416.519043 -1388.063721 573.289307 -0.810970 1.000000 -1
1 416.519043 1621.936279 573.289307 -0.810970 0.000000 -1
1 573.289185 1621.936279 416.519073 -0.589738 0.000000 -1
1 573.289185 -1388.063721 416.519073 -0.589738 1.000000 -1
1 673.941956 -1388.063721 218.977081 -0.310970 1.000000 -1
1 673.941956 1621.936279 218.977081 -0.310970 0.000000 -1
1 708.624451 1621.936279 0.000070 -0.001953 0.000000 -1
1 708.624451 -1388.063721 0.000070 -0.001953 1.000000 -1
1 673.941956 -1388.063721 -218.976944 0.307064 1.000000 -1
1 673.941956 1621.936279 -218.976944 0.307064 0.000000 -1
1 573.289185 1621.936279 -416.518951 0.585832 0.000000 -1
1 573.289185 -1388.063721 -416.518951 0.585832 1.000000 -1
1 416.519043 -1388.063721 -573.289185 0.807064 1.000000 -1
1 416.519043 1621.936279 -573.289185 0.807064 0.000000 -1
1 218.977005 1621.936279 -673.941895 0.949103 0.000000 -1
1 218.977005 -1388.063721 -673.941895 0.949103 1.000000 -1
1 -0.000000 -1388.063721 -708.624390 0.998047 1.000000 -1
1 -0.000000 1621.936279 -708.624390 0.998047 0.000000 -1
14
-0.156434 0.000000 -0.987688
-0.309017 0.000000 -0.951057
-0.309017 0.000000 -0.951057
-0.587785 0.000000 -0.809017
-0.809017 0.000000 -0.587785
-0.951056 0.000000 -0.309017
-1.000000 0.000000 0.000000
-0.951056 0.000000 0.309017
-0.809017 0.000000 0.587785
-0.809017 0.000000 0.587785
-0.587785 0.000000 0.809017
-0.309017 0.000000 0.951057
-0.309017 0.000000 0.951057
-0.156434 0.000000 0.987688
20
1 0 1 2 0 0 1 1
1 0 2 3 0 1 2 1
1 3 2 4 2 1 3 1
1 2 5 4 1 3 3 1
1 4 5 6 3 3 4 1
1 4 6 7 3 4 4 1
1 7 6 8 4 4 5 1
1 6 9 8 4 5 5 1
1 8 9 10 5 5 6 1
1 8 10 11 5 6 6 1
1 11 10 12 6 6 7 1
1 10 13 12 6 7 7 1
1 12 13 14 7 7 8 1
1 12 14 15 7 8 9 1
1 15 14 16 9 8 10 1
1 14 17 16 8 10 10 1
1 16 17 18 10 10 11 1
1 16 18 19 10 11 12 1
1 19 18 20 12 11 13 1
1 18 21 20 11 13 13 1
