// MilkShape 3D ASCII

Frames: 30
Frame: 1

Meshes: 28
"Box06" 0 0
20
0 137.518799 -8.858849 326.130127 0.000000 0.000000 -1
0 5.780464 15.566189 323.420227 0.000000 1.000000 -1
0 138.579620 5.166817 309.672852 1.000000 0.000000 -1
0 6.841331 29.591774 306.963013 1.000000 1.000000 -1
0 138.579620 5.166817 309.672852 0.000000 0.000000 -1
0 6.841331 29.591774 306.963013 0.000000 1.000000 -1
0 139.609680 22.189079 324.363770 1.000000 0.000000 -1
0 7.871437 46.613918 321.654053 1.000000 1.000000 -1
0 139.609680 22.189079 324.363770 0.000000 0.000000 -1
0 7.871437 46.613918 321.654053 0.000000 1.000000 -1
0 138.548828 8.163486 340.821167 1.000000 0.000000 -1
0 6.810555 32.588394 338.111206 1.000000 1.000000 -1
0 138.548828 8.163486 340.821167 0.000000 0.000000 -1
0 6.810555 32.588394 338.111206 0.000000 1.000000 -1
0 137.518799 -8.858849 326.130127 1.000000 0.000000 -1
0 5.780464 15.566189 323.420227 1.000000 1.000000 -1
0 137.518799 -8.858849 326.130127 0.000000 1.000000 -1
0 138.579620 5.166817 309.672852 1.000000 1.000000 -1
0 5.780464 15.566189 323.420227 0.000000 0.000000 -1
0 6.841331 29.591774 306.963013 1.000000 0.000000 -1
18
-0.125910 -0.751016 -0.648168
-0.125910 -0.751017 -0.648167
-0.125910 -0.751017 -0.648167
0.134678 0.642726 -0.754165
0.134678 0.642729 -0.754163
0.134677 0.642732 -0.754161
0.125910 0.751020 0.648163
0.125910 0.751019 0.648165
0.125909 0.751017 0.648167
-0.134679 -0.642728 0.754164
-0.134679 -0.642728 0.754163
-0.134679 -0.642729 0.754163
0.997741 -0.066770 0.007411
0.997741 -0.066770 0.007410
0.997741 -0.066770 0.007409
-0.997741 0.066773 -0.007410
-0.997741 0.066773 -0.007410
-0.997741 0.066774 -0.007410
12
0 0 1 2 0 1 1 1
0 1 3 2 1 2 1 1
0 4 5 6 3 4 4 2
0 5 7 6 4 5 4 2
0 8 9 10 6 7 7 1
0 9 11 10 7 8 7 1
0 12 13 14 9 10 10 2
0 13 15 14 10 11 10 2
0 12 16 6 12 13 13 3
0 16 17 6 13 14 13 3
0 18 13 19 15 16 16 3
0 13 7 19 16 17 16 3
"Duplicate01" 0 0
20
0 110.965973 17.613266 307.385315 1.000000 0.000000 -1
0 -19.667267 56.648193 287.532593 0.000000 1.000000 -1
0 112.071075 32.223244 290.242310 0.000000 0.000000 -1
0 -20.772301 42.038185 304.675476 1.000000 1.000000 -1
0 112.253601 38.891064 325.749207 1.000000 0.000000 -1
0 -20.772301 42.038185 304.675476 0.000000 1.000000 -1
0 110.965973 17.613266 307.385315 0.000000 0.000000 -1
0 -19.484634 63.315918 323.039307 1.000000 1.000000 -1
0 113.358673 53.500992 308.606079 1.000000 0.000000 -1
0 -19.484634 63.315918 323.039307 0.000000 1.000000 -1
0 112.253601 38.891064 325.749207 0.000000 0.000000 -1
0 -18.379608 77.925949 305.896362 1.000000 1.000000 -1
0 112.071075 32.223244 290.242310 1.000000 0.000000 -1
0 -18.379608 77.925949 305.896362 0.000000 1.000000 -1
0 113.358673 53.500992 308.606079 0.000000 0.000000 -1
0 -19.667267 56.648193 287.532593 1.000000 1.000000 -1
0 112.071075 32.223244 290.242310 0.000000 1.000000 -1
0 110.965973 17.613266 307.385315 1.000000 1.000000 -1
0 -20.772301 42.038185 304.675476 1.000000 0.000000 -1
0 -19.667267 56.648193 287.532593 0.000000 0.000000 -1
18
-0.125910 -0.751017 -0.648167
-0.125910 -0.751018 -0.648165
-0.125909 -0.751016 -0.648169
-0.134679 -0.642731 0.754161
-0.134678 -0.642731 0.754161
-0.134679 -0.642731 0.754161
0.125910 0.751019 0.648165
0.125910 0.751022 0.648161
0.125910 0.751016 0.648168
0.134678 0.642730 -0.754162
0.134678 0.642730 -0.754162
0.134678 0.642730 -0.754162
0.997741 -0.066773 0.007410
0.997741 -0.066772 0.007410
0.997741 -0.066774 0.007411
-0.997741 0.066773 -0.007407
-0.997741 0.066773 -0.007407
-0.997741 0.066773 -0.007407
12
0 0 1 2 0 0 1 1
0 0 3 1 0 2 0 1
0 4 5 6 3 3 4 2
0 4 7 5 3 5 3 2
0 8 9 10 6 6 7 1
0 8 11 9 6 8 6 1
0 12 13 14 9 9 10 2
0 12 15 13 9 11 9 2
0 4 16 14 12 12 13 3
0 4 17 16 12 14 12 3
0 18 13 19 15 15 16 3
0 18 7 13 15 17 15 3
"Duplicate02" 0 0
20
0 -11.867378 -16.488007 270.311951 1.000000 0.000000 -1
0 -150.360672 -24.702812 211.494385 0.000000 1.000000 -1
0 -10.594414 2.212799 252.538055 0.000000 0.000000 -1
0 -151.633621 -43.403671 229.268097 1.000000 1.000000 -1
0 -14.928459 4.825584 284.533081 1.000000 0.000000 -1
0 -151.633621 -43.403671 229.268097 0.000000 1.000000 -1
0 -11.867378 -16.488007 270.311951 0.000000 0.000000 -1
0 -154.694626 -22.090057 243.489395 1.000000 1.000000 -1
0 -13.655479 23.526344 266.759216 1.000000 0.000000 -1
0 -154.694626 -22.090057 243.489395 0.000000 1.000000 -1
0 -14.928459 4.825584 284.533081 0.000000 0.000000 -1
0 -153.421692 -3.389359 225.715530 1.000000 1.000000 -1
0 -10.594414 2.212799 252.538055 1.000000 0.000000 -1
0 -153.421692 -3.389359 225.715530 0.000000 1.000000 -1
0 -13.655479 23.526344 266.759216 0.000000 0.000000 -1
0 -150.360672 -24.702812 211.494385 1.000000 1.000000 -1
0 -10.594414 2.212799 252.538055 0.000000 1.000000 -1
0 -11.867378 -16.488007 270.311951 1.000000 1.000000 -1
0 -151.633621 -43.403671 229.268097 1.000000 0.000000 -1
0 -150.360672 -24.702812 211.494385 0.000000 0.000000 -1
18
0.325638 -0.662915 -0.674169
0.325637 -0.662918 -0.674167
0.325639 -0.662913 -0.674171
-0.131125 -0.563198 0.815852
-0.131126 -0.563196 0.815853
-0.131124 -0.563200 0.815851
-0.325638 0.662918 0.674166
-0.325638 0.662918 0.674166
-0.325638 0.662919 0.674165
0.131124 0.563198 -0.815852
0.131124 0.563198 -0.815852
0.131124 0.563199 -0.815851
0.990004 0.055742 0.129554
0.990004 0.055742 0.129554
0.990004 0.055743 0.129554
-0.990005 -0.055741 -0.129551
-0.990005 -0.055741 -0.129553
-0.990005 -0.055741 -0.129550
12
0 0 1 2 0 0 1 1
0 0 3 1 0 2 0 1
0 4 5 6 3 3 4 2
0 4 7 5 3 5 3 2
0 8 9 10 6 6 7 1
0 8 11 9 6 8 6 1
0 12 13 14 9 9 10 2
0 12 15 13 9 11 9 2
0 4 16 14 12 12 13 3
0 4 17 16 12 14 12 3
0 18 13 19 15 15 16 3
0 18 7 13 15 17 15 3
"Box09" 0 1
20
0 3.843330 -26.913757 324.805420 0.000000 0.000000 -1
0 -14.948570 -8.146751 323.282043 0.000000 1.000000 -1
0 3.935631 -29.037628 297.169861 1.000000 0.000000 -1
0 -14.856285 -10.270546 295.646484 1.000000 1.000000 -1
0 3.935631 -29.037628 297.169861 0.000000 0.000000 -1
0 -14.856285 -10.270546 295.646484 0.000000 1.000000 -1
0 20.497780 -7.731384 295.604004 1.000000 0.000000 -1
0 1.705818 11.035625 294.080566 1.000000 1.000000 -1
0 20.497780 -7.731384 295.604004 0.000000 0.000000 -1
0 1.705818 11.035625 294.080566 0.000000 1.000000 -1
0 20.405449 -5.607544 323.239502 1.000000 0.000000 -1
0 1.613533 13.159473 321.716064 1.000000 1.000000 -1
0 20.405449 -5.607544 323.239502 0.000000 0.000000 -1
0 1.613533 13.159473 321.716064 0.000000 1.000000 -1
0 3.843330 -26.913757 324.805420 1.000000 0.000000 -1
0 -14.948570 -8.146751 323.282043 1.000000 1.000000 -1
0 3.843330 -26.913757 324.805420 0.000000 1.000000 -1
0 3.935631 -29.037628 297.169861 1.000000 1.000000 -1
0 -14.948570 -8.146751 323.282043 0.000000 0.000000 -1
0 -14.856285 -10.270546 295.646484 1.000000 0.000000 -1
18
-0.707788 -0.704524 0.051781
-0.707789 -0.704524 0.051780
-0.707790 -0.704523 0.051779
0.004305 -0.076623 -0.997051
0.004305 -0.076624 -0.997051
0.004305 -0.076626 -0.997051
0.707787 0.704525 -0.051779
0.707788 0.704525 -0.051780
0.707788 0.704524 -0.051781
-0.004305 0.076626 0.997051
-0.004304 0.076626 0.997051
-0.004302 0.076626 0.997051
0.790312 -0.610696 0.049574
0.790312 -0.610696 0.049573
0.790312 -0.610696 0.049573
-0.790313 0.610695 -0.049571
-0.790312 0.610696 -0.049572
-0.790312 0.610696 -0.049572
12
0 0 1 2 0 1 1 1
0 1 3 2 1 2 1 1
0 4 5 6 3 4 4 2
0 5 7 6 4 5 4 2
0 8 9 10 6 7 7 1
0 9 11 10 7 8 7 1
0 12 13 14 9 10 10 2
0 13 15 14 10 11 10 2
0 12 16 6 12 13 13 3
0 16 17 6 13 14 13 3
0 18 13 19 15 16 16 3
0 13 7 19 16 17 16 3
"Duplicate03" 0 0
20
0 -4.880745 -56.673965 309.788269 0.000000 0.000000 -1
0 -90.844116 -108.570557 250.208435 0.000000 1.000000 -1
0 -3.775719 -42.063950 292.645203 1.000000 0.000000 -1
0 -89.739212 -93.960663 233.065369 1.000000 1.000000 -1
0 -3.775719 -42.063950 292.645203 0.000000 0.000000 -1
0 -89.739212 -93.960663 233.065369 0.000000 1.000000 -1
0 -8.585014 -27.300598 304.368408 1.000000 0.000000 -1
0 -94.548416 -79.197205 244.788696 1.000000 1.000000 -1
0 -8.585014 -27.300598 304.368408 0.000000 0.000000 -1
0 -94.548416 -79.197205 244.788696 0.000000 1.000000 -1
0 -9.690025 -41.910614 321.511353 1.000000 0.000000 -1
0 -95.653442 -93.807190 261.931458 1.000000 1.000000 -1
0 -9.690025 -41.910614 321.511353 0.000000 0.000000 -1
0 -95.653442 -93.807190 261.931458 0.000000 1.000000 -1
0 -4.880745 -56.673965 309.788269 1.000000 0.000000 -1
0 -90.844116 -108.570557 250.208435 1.000000 1.000000 -1
0 -4.880745 -56.673965 309.788269 0.000000 1.000000 -1
0 -3.775719 -42.063950 292.645203 1.000000 1.000000 -1
0 -90.844116 -108.570557 250.208435 0.000000 0.000000 -1
0 -89.739212 -93.960663 233.065369 1.000000 0.000000 -1
18
0.669839 -0.585881 -0.456134
0.669839 -0.585881 -0.456135
0.669839 -0.585881 -0.456135
0.134675 0.642732 -0.754161
0.134675 0.642732 -0.754161
0.134674 0.642732 -0.754161
-0.669839 0.585879 0.456137
-0.669840 0.585878 0.456138
-0.669840 0.585878 0.456138
-0.134680 -0.642728 0.754163
-0.134680 -0.642727 0.754163
-0.134681 -0.642727 0.754164
0.967443 0.158423 0.197375
0.967443 0.158423 0.197375
0.967443 0.158423 0.197375
-0.967442 -0.158429 -0.197372
-0.967443 -0.158423 -0.197372
-0.967444 -0.158416 -0.197373
12
0 0 1 2 0 1 1 1
0 1 3 2 1 2 1 1
0 4 5 6 3 4 4 2
0 5 7 6 4 5 4 2
0 8 9 10 6 7 7 1
0 9 11 10 7 8 7 1
0 12 13 14 9 10 10 2
0 13 15 14 10 11 10 2
0 12 16 6 12 13 13 3
0 16 17 6 13 14 13 3
0 18 13 19 15 16 16 3
0 13 7 19 16 17 16 3
"Duplicate04" 0 0
20
0 -32.614609 -4.838455 355.328552 0.000000 0.000000 -1
0 -137.610229 106.357559 431.344543 0.000000 1.000000 -1
0 -31.509605 9.771492 338.185608 1.000000 0.000000 -1
0 -136.505249 120.967514 414.201599 1.000000 1.000000 -1
0 -31.509605 9.771492 338.185608 0.000000 0.000000 -1
0 -136.505249 120.967514 414.201599 0.000000 1.000000 -1
0 -21.263428 25.917061 353.775330 1.000000 0.000000 -1
0 -126.259079 137.113083 429.791382 1.000000 1.000000 -1
0 -21.263428 25.917061 353.775330 0.000000 0.000000 -1
0 -126.259079 137.113083 429.791382 0.000000 1.000000 -1
0 -22.368454 11.307053 370.918335 1.000000 0.000000 -1
0 -127.364014 122.503174 446.934326 1.000000 1.000000 -1
0 -22.368454 11.307053 370.918335 0.000000 0.000000 -1
0 -127.364014 122.503174 446.934326 0.000000 1.000000 -1
0 -32.614609 -4.838455 355.328552 1.000000 0.000000 -1
0 -137.610229 106.357559 431.344543 1.000000 1.000000 -1
0 -32.614609 -4.838455 355.328552 0.000000 1.000000 -1
0 -31.509605 9.771492 338.185608 1.000000 1.000000 -1
0 -137.610229 106.357559 431.344543 0.000000 0.000000 -1
0 -136.505249 120.967514 414.201599 1.000000 0.000000 -1
18
-0.784429 -0.446175 -0.430813
-0.784429 -0.446176 -0.430812
-0.784429 -0.446176 -0.430812
0.134678 0.642730 -0.754162
0.134679 0.642730 -0.754161
0.134680 0.642731 -0.754161
0.784428 0.446175 0.430813
0.784429 0.446176 0.430811
0.784429 0.446177 0.430810
-0.134682 -0.642731 0.754160
-0.134680 -0.642731 0.754161
-0.134679 -0.642730 0.754162
0.907431 -0.346889 -0.237141
0.907431 -0.346889 -0.237142
0.907431 -0.346889 -0.237142
-0.907431 0.346888 0.237143
-0.907432 0.346888 0.237143
-0.907432 0.346887 0.237143
12
0 0 1 2 0 1 1 1
0 1 3 2 1 2 1 1
0 4 5 6 3 4 4 2
0 5 7 6 4 5 4 2
0 8 9 10 6 7 7 1
0 9 11 10 7 8 7 1
0 12 13 14 9 10 10 2
0 13 15 14 10 11 10 2
0 12 16 6 12 13 13 3
0 16 17 6 13 14 13 3
0 18 13 19 15 16 16 3
0 13 7 19 16 17 16 3
"Duplicate05" 0 0
20
0 40.735664 -95.442917 216.338425 0.000000 0.000000 -1
0 77.768311 -193.423096 139.448914 0.000000 1.000000 -1
0 39.851631 -107.130859 230.052872 1.000000 0.000000 -1
0 76.884308 -205.111023 153.163208 1.000000 1.000000 -1
0 39.851631 -107.130859 230.052872 0.000000 0.000000 -1
0 76.884308 -205.111023 153.163208 0.000000 1.000000 -1
0 46.507538 -114.943542 224.583176 1.000000 0.000000 -1
0 83.540131 -212.923706 147.693542 1.000000 1.000000 -1
0 46.507538 -114.943542 224.583176 0.000000 0.000000 -1
0 83.540131 -212.923706 147.693542 0.000000 1.000000 -1
0 47.391571 -103.255569 210.868866 1.000000 0.000000 -1
0 84.424072 -201.235596 133.979187 1.000000 1.000000 -1
0 47.391571 -103.255569 210.868866 0.000000 0.000000 -1
0 84.424072 -201.235596 133.979187 0.000000 1.000000 -1
0 40.735664 -95.442917 216.338425 1.000000 0.000000 -1
0 77.768311 -193.423096 139.448914 1.000000 1.000000 -1
0 40.735664 -95.442917 216.338425 0.000000 1.000000 -1
0 39.851631 -107.130859 230.052872 1.000000 1.000000 -1
0 77.768311 -193.423096 139.448914 0.000000 0.000000 -1
0 76.884308 -205.111023 153.163208 1.000000 0.000000 -1
18
-0.956885 -0.187718 -0.221661
-0.956885 -0.187718 -0.221661
-0.956885 -0.187718 -0.221661
-0.134678 -0.642730 0.754162
-0.134682 -0.642730 0.754161
-0.134686 -0.642731 0.754160
0.956885 0.187716 0.221662
0.956885 0.187717 0.221660
0.956885 0.187718 0.221658
0.134701 0.642733 -0.754155
0.134673 0.642729 -0.754164
0.134645 0.642724 -0.754173
0.816366 0.412522 0.404194
0.816368 0.412521 0.404191
0.816369 0.412521 0.404188
-0.816372 -0.412517 -0.404187
-0.816372 -0.412516 -0.404187
-0.816372 -0.412516 -0.404187
12
0 0 1 2 0 1 1 1
0 1 3 2 1 2 1 1
0 4 5 6 3 4 4 2
0 5 7 6 4 5 4 2
0 8 9 10 6 7 7 1
0 9 11 10 7 8 7 1
0 12 13 14 9 10 10 2
0 13 15 14 10 11 10 2
0 12 16 6 12 13 13 3
0 16 17 6 13 14 13 3
0 18 13 19 15 16 16 3
0 13 7 19 16 17 16 3
"Duplicate06" 0 0
20
0 8.912697 15.764145 336.765015 1.000000 0.000000 -1
0 -70.036713 83.421509 410.118347 0.000000 1.000000 -1
0 7.807640 1.154160 353.907959 0.000000 0.000000 -1
0 -68.931732 98.031464 392.975403 1.000000 1.000000 -1
0 2.443123 3.091988 324.809875 1.000000 0.000000 -1
0 -68.931732 98.031464 392.975403 0.000000 1.000000 -1
0 8.912697 15.764145 336.765015 0.000000 0.000000 -1
0 -75.401260 85.359222 381.020203 1.000000 1.000000 -1
0 1.338051 -11.518005 341.952820 1.000000 0.000000 -1
0 -75.401260 85.359222 381.020203 0.000000 1.000000 -1
0 2.443123 3.091988 324.809875 0.000000 0.000000 -1
0 -76.506317 70.749283 398.163208 1.000000 1.000000 -1
0 7.807640 1.154160 353.907959 1.000000 0.000000 -1
0 -76.506317 70.749283 398.163208 0.000000 1.000000 -1
0 1.338051 -11.518005 341.952820 0.000000 0.000000 -1
0 -70.036713 83.421509 410.118347 1.000000 1.000000 -1
0 7.807640 1.154160 353.907959 0.000000 1.000000 -1
0 8.912697 15.764145 336.765015 1.000000 1.000000 -1
0 -68.931732 98.031464 392.975403 1.000000 0.000000 -1
0 -70.036713 83.421509 410.118347 0.000000 0.000000 -1
18
0.783735 0.446867 0.431358
0.783735 0.446866 0.431359
0.783735 0.446868 0.431357
0.134679 0.642731 -0.754161
0.134679 0.642731 -0.754161
0.134679 0.642731 -0.754161
-0.783734 -0.446866 -0.431359
-0.783734 -0.446866 -0.431360
-0.783735 -0.446867 -0.431358
-0.134678 -0.642730 0.754162
-0.134679 -0.642730 0.754161
-0.134677 -0.642729 0.754163
0.935555 -0.296298 -0.192211
0.935554 -0.296298 -0.192211
0.935555 -0.296298 -0.192211
-0.935555 0.296296 0.192210
-0.935555 0.296296 0.192213
-0.935556 0.296295 0.192208
12
0 0 1 2 0 0 1 1
0 0 3 1 0 2 0 1
0 4 5 6 3 3 4 2
0 4 7 5 3 5 3 2
0 8 9 10 6 6 7 1
0 8 11 9 6 8 6 1
0 12 13 14 9 9 10 2
0 12 15 13 9 11 9 2
0 4 16 14 12 12 13 3
0 4 17 16 12 14 12 3
0 18 13 19 15 15 16 3
0 18 7 13 15 17 15 3
"Duplicate07" 0 0
20
0 75.773773 -41.462006 307.988892 1.000000 0.000000 -1
0 -9.599556 -39.855598 322.711792 0.000000 1.000000 -1
0 74.712921 -55.487579 324.446106 0.000000 0.000000 -1
0 -8.538734 -25.830017 306.254578 1.000000 1.000000 -1
0 74.824402 -57.149643 294.449646 1.000000 0.000000 -1
0 -8.538734 -25.830017 306.254578 0.000000 1.000000 -1
0 75.773773 -41.462006 307.988892 0.000000 0.000000 -1
0 -9.488091 -41.517792 292.715332 1.000000 1.000000 -1
0 73.763519 -71.175140 310.906799 1.000000 0.000000 -1
0 -9.488091 -41.517792 292.715332 0.000000 1.000000 -1
0 74.824402 -57.149643 294.449646 0.000000 0.000000 -1
0 -10.548943 -55.543304 309.172546 1.000000 1.000000 -1
0 74.712921 -55.487579 324.446106 1.000000 0.000000 -1
0 -10.548943 -55.543304 309.172546 0.000000 1.000000 -1
0 73.763519 -71.175140 310.906799 0.000000 0.000000 -1
0 -9.599556 -39.855598 322.711792 1.000000 1.000000 -1
0 74.712921 -55.487579 324.446106 0.000000 1.000000 -1
0 75.773773 -41.462006 307.988892 1.000000 1.000000 -1
0 -8.538734 -25.830017 306.254578 1.000000 0.000000 -1
0 -9.599556 -39.855598 322.711792 0.000000 0.000000 -1
18
0.125910 0.751017 0.648167
0.125910 0.751017 0.648167
0.125910 0.751017 0.648167
0.134678 0.642729 -0.754163
0.134679 0.642730 -0.754162
0.134677 0.642727 -0.754164
-0.125909 -0.751018 -0.648166
-0.125909 -0.751018 -0.648166
-0.125909 -0.751019 -0.648165
-0.134678 -0.642731 0.754161
-0.134678 -0.642734 0.754159
-0.134678 -0.642729 0.754163
0.997741 -0.066775 0.007408
0.997740 -0.066776 0.007408
0.997741 -0.066774 0.007408
-0.997741 0.066773 -0.007408
-0.997741 0.066773 -0.007406
-0.997741 0.066773 -0.007409
12
0 0 1 2 0 0 1 1
0 0 3 1 0 2 0 1
0 4 5 6 3 3 4 2
0 4 7 5 3 5 3 2
0 8 9 10 6 6 7 1
0 8 11 9 6 8 6 1
0 12 13 14 9 9 10 2
0 12 15 13 9 11 9 2
0 4 16 14 12 12 13 3
0 4 17 16 12 14 12 3
0 18 13 19 15 15 16 3
0 18 7 13 15 17 15 3
"Duplicate08" 0 0
20
0 6.355080 34.736584 275.510437 0.000000 0.000000 -1
0 -54.375641 132.001419 259.302979 0.000000 1.000000 -1
0 -1.225609 23.951263 289.479919 1.000000 0.000000 -1
0 -61.956436 121.216049 273.272278 1.000000 1.000000 -1
0 -1.225609 23.951263 289.479919 0.000000 0.000000 -1
0 -61.956436 121.216049 273.272278 0.000000 1.000000 -1
0 -6.050865 12.984985 273.758850 1.000000 0.000000 -1
0 -66.781662 110.249741 257.551392 1.000000 1.000000 -1
0 -6.050865 12.984985 273.758850 0.000000 0.000000 -1
0 -66.781662 110.249741 257.551392 0.000000 1.000000 -1
0 1.529915 23.770374 259.789490 1.000000 0.000000 -1
0 -59.200836 121.035110 243.582001 1.000000 1.000000 -1
0 1.529915 23.770374 259.789490 0.000000 0.000000 -1
0 -59.200836 121.035110 243.582001 0.000000 1.000000 -1
0 6.355080 34.736584 275.510437 1.000000 0.000000 -1
0 -54.375641 132.001419 259.302979 1.000000 1.000000 -1
0 6.355080 34.736584 275.510437 0.000000 1.000000 -1
0 -1.225609 23.951263 289.479919 1.000000 1.000000 -1
0 -54.375641 132.001419 259.302979 0.000000 0.000000 -1
0 -61.956436 121.216049 273.272278 1.000000 0.000000 -1
17
0.572036 0.469269 0.672727
0.572032 0.469268 0.672731
0.572028 0.469267 0.672735
-0.765578 -0.393162 0.509229
-0.765577 -0.393161 0.509231
-0.765576 -0.393160 0.509233
-0.572030 -0.469267 -0.672734
-0.572030 -0.469267 -0.672733
0.765578 0.393162 -0.509228
0.765578 0.393162 -0.509229
0.765578 0.393161 -0.509230
0.862748 -0.498758 0.083111
0.862748 -0.498758 0.083109
0.862748 -0.498758 0.083107
-0.862747 0.498758 -0.083112
-0.862747 0.498758 -0.083112
-0.862747 0.498759 -0.083112
12
0 0 1 2 0 1 1 1
0 1 3 2 1 2 1 1
0 4 5 6 3 4 4 2
0 5 7 6 4 5 4 2
0 8 9 10 6 6 6 1
0 9 11 10 6 7 6 1
0 12 13 14 8 9 9 2
0 13 15 14 9 10 9 2
0 12 16 6 11 12 12 3
0 16 17 6 12 13 12 3
0 18 13 19 14 15 15 3
0 13 7 19 15 16 15 3
"Duplicate09" 0 0
20
0 -25.164536 -52.050415 316.463135 0.000000 0.000000 -1
0 -97.483414 -124.647217 329.933899 0.000000 1.000000 -1
0 -30.926727 -38.791199 302.219360 1.000000 0.000000 -1
0 -103.245529 -111.387939 315.690063 1.000000 1.000000 -1
0 -30.926727 -38.791199 302.219360 0.000000 0.000000 -1
0 -103.245529 -111.387939 315.690063 0.000000 1.000000 -1
0 -34.413155 -26.283913 317.769348 1.000000 0.000000 -1
0 -106.732025 -98.880585 331.240051 1.000000 1.000000 -1
0 -34.413155 -26.283913 317.769348 0.000000 0.000000 -1
0 -106.732025 -98.880585 331.240051 0.000000 1.000000 -1
0 -28.651001 -39.543106 332.013245 1.000000 0.000000 -1
0 -100.969971 -112.139923 345.483887 1.000000 1.000000 -1
0 -28.651001 -39.543106 332.013245 0.000000 0.000000 -1
0 -100.969971 -112.139923 345.483887 0.000000 1.000000 -1
0 -25.164536 -52.050415 316.463135 1.000000 0.000000 -1
0 -97.483414 -124.647217 329.933899 1.000000 1.000000 -1
0 -25.164536 -52.050415 316.463135 0.000000 1.000000 -1
0 -30.926727 -38.791199 302.219360 1.000000 1.000000 -1
0 -97.483414 -124.647217 329.933899 0.000000 0.000000 -1
0 -103.245529 -111.387939 315.690063 1.000000 0.000000 -1
18
0.435661 -0.564140 -0.701388
0.435662 -0.564140 -0.701388
0.435663 -0.564141 -0.701387
-0.634224 0.526789 -0.565909
-0.634223 0.526788 -0.565911
-0.634222 0.526787 -0.565912
-0.435664 0.564143 0.701384
-0.435663 0.564142 0.701385
-0.435663 0.564140 0.701387
0.634224 -0.526790 0.565908
0.634224 -0.526788 0.565910
0.634223 -0.526787 0.565912
0.938309 0.339994 -0.063089
0.938309 0.339995 -0.063090
0.938309 0.339995 -0.063091
-0.938309 -0.339995 0.063084
-0.938310 -0.339992 0.063084
-0.938311 -0.339990 0.063084
12
0 0 1 2 0 1 1 1
0 1 3 2 1 2 1 1
0 4 5 6 3 4 4 2
0 5 7 6 4 5 4 2
0 8 9 10 6 7 7 1
0 9 11 10 7 8 7 1
0 12 13 14 9 10 10 2
0 13 15 14 10 11 10 2
0 12 16 6 12 13 13 3
0 16 17 6 13 14 13 3
0 18 13 19 15 16 16 3
0 13 7 19 16 17 16 3
"Duplicate10" 0 0
20
0 8.180183 -14.977242 278.318909 0.000000 0.000000 -1
0 45.212860 -112.957291 201.429459 0.000000 1.000000 -1
0 7.296120 -26.665237 292.033325 1.000000 0.000000 -1
0 44.328796 -124.645340 215.143768 1.000000 1.000000 -1
0 7.296120 -26.665237 292.033325 0.000000 0.000000 -1
0 44.328796 -124.645340 215.143768 0.000000 1.000000 -1
0 13.952034 -34.477768 286.563721 1.000000 0.000000 -1
0 50.984650 -132.457855 209.674225 1.000000 1.000000 -1
0 13.952034 -34.477768 286.563721 0.000000 0.000000 -1
0 50.984650 -132.457855 209.674225 0.000000 1.000000 -1
0 14.836067 -22.789764 272.849365 1.000000 0.000000 -1
0 51.868683 -120.769775 195.959854 1.000000 1.000000 -1
0 14.836067 -22.789764 272.849365 0.000000 0.000000 -1
0 51.868683 -120.769775 195.959854 0.000000 1.000000 -1
0 8.180183 -14.977242 278.318909 1.000000 0.000000 -1
0 45.212860 -112.957291 201.429459 1.000000 1.000000 -1
0 8.180183 -14.977242 278.318909 0.000000 1.000000 -1
0 7.296120 -26.665237 292.033325 1.000000 1.000000 -1
0 45.212860 -112.957291 201.429459 0.000000 0.000000 -1
0 44.328796 -124.645340 215.143768 1.000000 0.000000 -1
18
-0.956885 -0.187716 -0.221663
-0.956885 -0.187716 -0.221663
-0.956885 -0.187715 -0.221664
-0.134670 -0.642728 0.754165
-0.134675 -0.642729 0.754163
-0.134680 -0.642729 0.754162
0.956885 0.187717 0.221662
0.956885 0.187716 0.221662
0.956885 0.187716 0.221662
0.134682 0.642730 -0.754161
0.134673 0.642729 -0.754164
0.134665 0.642727 -0.754167
0.816364 0.412524 0.404195
0.816364 0.412524 0.404195
0.816364 0.412524 0.404195
-0.816366 -0.412519 -0.404196
-0.816365 -0.412521 -0.404196
-0.816365 -0.412522 -0.404196
12
0 0 1 2 0 1 1 1
0 1 3 2 1 2 1 1
0 4 5 6 3 4 4 2
0 5 7 6 4 5 4 2
0 8 9 10 6 7 7 1
0 9 11 10 7 8 7 1
0 12 13 14 9 10 10 2
0 13 15 14 10 11 10 2
0 12 16 6 12 13 13 3
0 16 17 6 13 14 13 3
0 18 13 19 15 16 16 3
0 13 7 19 16 17 16 3
"Duplicate11" 0 0
20
0 7.163826 -5.014816 252.197571 0.000000 0.000000 -1
0 63.339508 -32.983253 150.138000 0.000000 1.000000 -1
0 12.604317 -20.277740 264.676331 1.000000 0.000000 -1
0 68.779999 -48.246231 162.616760 1.000000 1.000000 -1
0 12.604317 -20.277740 264.676331 0.000000 0.000000 -1
0 68.779999 -48.246231 162.616760 0.000000 1.000000 -1
0 20.375465 -6.093338 272.639221 1.000000 0.000000 -1
0 76.551147 -34.061813 170.579651 1.000000 1.000000 -1
0 20.375465 -6.093338 272.639221 0.000000 0.000000 -1
0 76.551147 -34.061813 170.579651 0.000000 1.000000 -1
0 14.934975 9.169605 260.160461 1.000000 0.000000 -1
0 71.110687 -18.798874 158.100922 1.000000 1.000000 -1
0 14.934975 9.169605 260.160461 0.000000 0.000000 -1
0 71.110687 -18.798874 158.100922 0.000000 1.000000 -1
0 7.163826 -5.014816 252.197571 1.000000 0.000000 -1
0 63.339508 -32.983253 150.138000 1.000000 1.000000 -1
0 7.163826 -5.014816 252.197571 0.000000 1.000000 -1
0 12.604317 -20.277740 264.676331 1.000000 1.000000 -1
0 63.339508 -32.983253 150.138000 0.000000 0.000000 -1
0 68.779999 -48.246231 162.616760 1.000000 0.000000 -1
18
-0.797861 -0.525672 -0.295104
-0.797862 -0.525671 -0.295104
-0.797862 -0.525671 -0.295104
0.607353 -0.615036 0.502845
0.607353 -0.615036 0.502845
0.607353 -0.615036 0.502845
0.797862 0.525671 0.295104
0.797862 0.525671 0.295105
0.797862 0.525670 0.295105
-0.607353 0.615036 -0.502845
-0.607352 0.615037 -0.502844
-0.607351 0.615039 -0.502844
-0.826938 0.148613 0.542299
-0.826938 0.148613 0.542299
-0.826938 0.148613 0.542299
0.826937 -0.148613 -0.542300
0.826938 -0.148613 -0.542299
0.826938 -0.148613 -0.542299
12
0 0 1 2 0 1 1 1
0 1 3 2 1 2 1 1
0 4 5 6 3 4 4 2
0 5 7 6 4 5 4 2
0 8 9 10 6 7 7 1
0 9 11 10 7 8 7 1
0 12 13 14 9 10 10 2
0 13 15 14 10 11 10 2
0 12 16 6 12 13 13 3
0 16 17 6 13 14 13 3
0 18 13 19 15 16 16 3
0 13 7 19 16 17 16 3
"Duplicate12" 0 0
20
0 8.518990 -50.155930 274.303894 1.000000 0.000000 -1
0 50.888336 -173.468079 289.548645 0.000000 1.000000 -1
0 1.259865 -58.937531 290.038391 0.000000 0.000000 -1
0 58.147461 -164.686523 273.814087 1.000000 1.000000 -1
0 15.881111 -41.379105 288.611938 1.000000 0.000000 -1
0 58.147461 -164.686523 273.814087 0.000000 1.000000 -1
0 8.518990 -50.155930 274.303894 0.000000 0.000000 -1
0 65.509644 -155.909729 288.122131 1.000000 1.000000 -1
0 8.622002 -50.160767 304.346497 1.000000 0.000000 -1
0 65.509644 -155.909729 288.122131 0.000000 1.000000 -1
0 15.881111 -41.379105 288.611938 0.000000 0.000000 -1
0 58.250519 -164.691284 303.856689 1.000000 1.000000 -1
0 1.259865 -58.937531 290.038391 1.000000 0.000000 -1
0 58.250519 -164.691284 303.856689 0.000000 1.000000 -1
0 8.622002 -50.160767 304.346497 0.000000 0.000000 -1
0 50.888336 -173.468079 289.548645 1.000000 1.000000 -1
0 1.259865 -58.937531 290.038391 0.000000 1.000000 -1
0 8.518990 -50.155930 274.303894 1.000000 1.000000 -1
0 58.147461 -164.686523 273.814087 1.000000 0.000000 -1
0 50.888336 -173.468079 289.548645 0.000000 0.000000 -1
16
-0.772137 -0.332267 -0.541667
-0.772137 -0.332267 -0.541668
-0.772138 -0.332267 -0.541665
0.744769 0.325216 -0.582712
0.744770 0.325216 -0.582711
0.744769 0.325216 -0.582713
0.772138 0.332267 0.541666
0.772137 0.332267 0.541667
0.772138 0.332267 0.541666
-0.744770 -0.325216 0.582711
-0.744771 -0.325217 0.582709
-0.744769 -0.325216 0.582713
-0.768341 0.640035 0.002738
-0.768341 0.640035 0.002739
-0.768341 0.640035 0.002736
0.768338 -0.640038 -0.002737
12
0 0 1 2 0 0 1 1
0 0 3 1 0 2 0 1
0 4 5 6 3 3 4 2
0 4 7 5 3 5 3 2
0 8 9 10 6 6 7 1
0 8 11 9 6 8 6 1
0 12 13 14 9 9 10 2
0 12 15 13 9 11 9 2
0 4 16 14 12 12 13 3
0 4 17 16 12 14 12 3
0 18 13 19 15 15 15 3
0 18 7 13 15 15 15 3
"Duplicate13" 0 0
40
0 -50.050621 118.681580 382.611938 0.000000 0.000000 -1
0 -87.083221 216.661682 459.501465 0.000000 1.000000 -1
0 -50.934631 106.993683 396.326355 1.000000 0.000000 -1
0 -87.967270 204.973755 473.215881 1.000000 1.000000 -1
0 -50.934631 106.993683 396.326355 0.000000 0.000000 -1
0 -87.967270 204.973755 473.215881 0.000000 1.000000 -1
0 -57.590546 114.806213 401.795898 1.000000 0.000000 -1
0 -94.623184 212.786255 478.685608 1.000000 1.000000 -1
0 -57.590546 114.806213 401.795898 0.000000 0.000000 -1
0 -94.623184 212.786255 478.685608 0.000000 1.000000 -1
0 -56.706474 126.494156 388.081543 1.000000 0.000000 -1
0 -93.739151 224.474213 464.971069 1.000000 1.000000 -1
0 -56.706474 126.494156 388.081543 0.000000 0.000000 -1
0 -93.739151 224.474213 464.971069 0.000000 1.000000 -1
0 -50.050621 118.681580 382.611938 1.000000 0.000000 -1
0 -87.083221 216.661682 459.501465 1.000000 1.000000 -1
0 -50.050621 118.681580 382.611938 0.000000 1.000000 -1
0 -50.934631 106.993683 396.326355 1.000000 1.000000 -1
0 -87.083221 216.661682 459.501465 0.000000 0.000000 -1
0 -87.967270 204.973755 473.215881 1.000000 0.000000 -1
0 -17.437134 38.983009 319.731445 0.000000 0.000000 -1
0 -54.469772 136.963028 396.620972 0.000000 1.000000 -1
0 -18.321182 27.294975 333.445740 1.000000 0.000000 -1
0 -55.353745 125.275146 410.335327 1.000000 1.000000 -1
0 -18.321182 27.294975 333.445740 0.000000 0.000000 -1
0 -55.353745 125.275146 410.335327 0.000000 1.000000 -1
0 -24.977020 35.107544 338.915405 1.000000 0.000000 -1
0 -62.009644 133.087570 415.804932 1.000000 1.000000 -1
0 -24.977020 35.107544 338.915405 0.000000 0.000000 -1
0 -62.009644 133.087570 415.804932 0.000000 1.000000 -1
0 -24.093018 46.795490 325.200989 1.000000 0.000000 -1
0 -61.125671 144.775635 402.090576 1.000000 1.000000 -1
0 -24.093018 46.795490 325.200989 0.000000 0.000000 -1
0 -61.125671 144.775635 402.090576 0.000000 1.000000 -1
0 -17.437134 38.983009 319.731445 1.000000 0.000000 -1
0 -54.469772 136.963028 396.620972 1.000000 1.000000 -1
0 -17.437134 38.983009 319.731445 0.000000 1.000000 -1
0 -18.321182 27.294975 333.445740 1.000000 1.000000 -1
0 -54.469772 136.963028 396.620972 0.000000 0.000000 -1
0 -55.353745 125.275146 410.335327 1.000000 0.000000 -1
36
0.956885 0.187718 0.221659
0.956885 0.187718 0.221660
0.956885 0.187717 0.221661
-0.134681 -0.642730 0.754161
-0.134663 -0.642728 0.754166
-0.134644 -0.642725 0.754172
-0.956885 -0.187716 -0.221663
-0.956885 -0.187717 -0.221661
-0.956885 -0.187719 -0.221660
0.134680 0.642730 -0.754162
0.134674 0.642729 -0.754164
0.134669 0.642728 -0.754165
-0.816367 -0.412520 -0.404193
-0.816365 -0.412524 -0.404193
-0.816363 -0.412529 -0.404193
0.816363 0.412526 0.404194
0.816365 0.412526 0.404192
0.816366 0.412525 0.404190
0.956885 0.187715 0.221663
0.956885 0.187717 0.221661
0.956885 0.187719 0.221658
-0.134666 -0.642727 0.754166
-0.134660 -0.642727 0.754168
-0.134653 -0.642726 0.754170
-0.956885 -0.187718 -0.221660
-0.956885 -0.187718 -0.221660
-0.956885 -0.187718 -0.221660
0.134674 0.642729 -0.754164
0.134679 0.642730 -0.754162
0.134683 0.642730 -0.754161
-0.816363 -0.412528 -0.404193
-0.816366 -0.412522 -0.404193
-0.816369 -0.412517 -0.404193
0.816366 0.412525 0.404189
0.816364 0.412526 0.404192
0.816362 0.412527 0.404196
24
0 0 1 2 0 1 1 1
0 1 3 2 1 2 1 1
0 4 5 6 3 4 4 2
0 5 7 6 4 5 4 2
0 8 9 10 6 7 7 1
0 9 11 10 7 8 7 1
0 12 13 14 9 10 10 2
0 13 15 14 10 11 10 2
0 12 16 6 12 13 13 3
0 16 17 6 13 14 13 3
0 18 13 19 15 16 16 3
0 13 7 19 16 17 16 3
0 20 21 22 18 19 19 1
0 21 23 22 19 20 19 1
0 24 25 26 21 22 22 2
0 25 27 26 22 23 22 2
0 28 29 30 24 25 25 1
0 29 31 30 25 26 25 1
0 32 33 34 27 28 28 2
0 33 35 34 28 29 28 2
0 32 36 26 30 31 31 3
0 36 37 26 31 32 31 3
0 38 33 39 33 34 34 3
0 33 27 39 34 35 34 3
"Duplicate14" 0 0
20
0 -7.259987 -13.941895 246.866989 1.000000 0.000000 -1
0 -15.753975 -3.766022 105.063690 0.000000 1.000000 -1
0 3.386696 -2.166473 242.626022 0.000000 0.000000 -1
0 -26.400703 -15.541534 109.304565 1.000000 1.000000 -1
0 -13.889534 3.511292 249.219604 1.000000 0.000000 -1
0 -26.400703 -15.541534 109.304565 0.000000 1.000000 -1
0 -7.259987 -13.941895 246.866989 0.000000 0.000000 -1
0 -33.030296 1.911720 111.657135 1.000000 1.000000 -1
0 -3.242851 15.286766 244.978607 1.000000 0.000000 -1
0 -33.030296 1.911720 111.657135 0.000000 1.000000 -1
0 -13.889534 3.511292 249.219604 0.000000 0.000000 -1
0 -22.383522 13.687138 107.416321 1.000000 1.000000 -1
0 3.386696 -2.166473 242.626022 1.000000 0.000000 -1
0 -22.383522 13.687138 107.416321 0.000000 1.000000 -1
0 -3.242851 15.286766 244.978607 0.000000 0.000000 -1
0 -15.753975 -3.766022 105.063690 1.000000 1.000000 -1
0 3.386696 -2.166473 242.626022 0.000000 1.000000 -1
0 -7.259987 -13.941895 246.866989 1.000000 1.000000 -1
0 -26.400703 -15.541534 109.304565 1.000000 0.000000 -1
0 -15.753975 -3.766022 105.063690 0.000000 0.000000 -1
18
0.721795 -0.685904 -0.092456
0.721794 -0.685905 -0.092456
0.721796 -0.685903 -0.092456
-0.920552 -0.367511 0.132361
-0.920552 -0.367511 0.132361
-0.920552 -0.367512 0.132361
-0.721794 0.685905 0.092456
-0.721795 0.685903 0.092457
-0.721792 0.685907 0.092455
0.920552 0.367511 -0.132361
0.920553 0.367510 -0.132361
0.920552 0.367512 -0.132361
0.359659 0.010849 0.933021
0.359659 0.010850 0.933021
0.359659 0.010848 0.933021
-0.359650 -0.010846 -0.933024
-0.359653 -0.010845 -0.933023
-0.359646 -0.010846 -0.933026
12
0 0 1 2 0 0 1 1
0 0 3 1 0 2 0 1
0 4 5 6 3 3 4 2
0 4 7 5 3 5 3 2
0 8 9 10 6 6 7 1
0 8 11 9 6 8 6 1
0 12 13 14 9 9 10 2
0 12 15 13 9 11 9 2
0 4 16 14 12 12 13 3
0 4 17 16 12 14 12 3
0 18 13 19 15 15 16 3
0 18 7 13 15 17 15 3
"Duplicate16" 0 0
20
0 -0.852196 5.942719 354.257568 0.000000 0.000000 -1
0 32.003517 42.217506 479.295288 0.000000 1.000000 -1
0 5.563026 22.311806 344.838745 1.000000 0.000000 -1
0 38.418739 58.586586 469.876465 1.000000 1.000000 -1
0 5.563026 22.311806 344.838745 0.000000 0.000000 -1
0 38.418739 58.586586 469.876465 0.000000 1.000000 -1
0 15.297310 9.760620 341.393738 1.000000 0.000000 -1
0 48.153046 46.035439 466.431519 1.000000 1.000000 -1
0 15.297310 9.760620 341.393738 0.000000 0.000000 -1
0 48.153046 46.035439 466.431519 0.000000 1.000000 -1
0 8.882057 -6.608490 350.812622 1.000000 0.000000 -1
0 41.737770 29.666336 475.850403 1.000000 1.000000 -1
0 8.882057 -6.608490 350.812622 0.000000 0.000000 -1
0 41.737770 29.666336 475.850403 0.000000 1.000000 -1
0 -0.852196 5.942719 354.257568 1.000000 0.000000 -1
0 32.003517 42.217506 479.295288 1.000000 1.000000 -1
0 -0.852196 5.942719 354.257568 0.000000 1.000000 -1
0 5.563026 22.311806 344.838745 1.000000 1.000000 -1
0 32.003517 42.217506 479.295288 0.000000 0.000000 -1
0 38.418739 58.586586 469.876465 1.000000 0.000000 -1
18
-0.900598 0.419152 0.115046
-0.900598 0.419152 0.115046
-0.900598 0.419152 0.115046
0.685323 0.631204 -0.363199
0.685323 0.631204 -0.363199
0.685323 0.631205 -0.363199
0.900597 -0.419153 -0.115046
0.900597 -0.419154 -0.115046
0.900597 -0.419154 -0.115045
-0.685326 -0.631201 0.363199
-0.685326 -0.631201 0.363199
-0.685326 -0.631201 0.363199
-0.572987 -0.228348 -0.787111
-0.572987 -0.228347 -0.787111
-0.572987 -0.228346 -0.787111
0.572983 0.228349 0.787113
0.572984 0.228349 0.787113
0.572984 0.228349 0.787112
12
0 0 1 2 0 1 1 1
0 1 3 2 1 2 1 1
0 4 5 6 3 4 4 2
0 5 7 6 4 5 4 2
0 8 9 10 6 7 7 1
0 9 11 10 7 8 7 1
0 12 13 14 9 10 10 2
0 13 15 14 10 11 10 2
0 12 16 6 12 13 13 3
0 16 17 6 13 14 13 3
0 18 13 19 15 16 16 3
0 13 7 19 16 17 16 3
"Duplicate17" 0 0
20
0 76.828552 43.927383 101.642487 0.000000 0.000000 -1
0 -3.472618 23.759834 258.596313 0.000000 1.000000 -1
0 87.180542 43.718098 113.505707 1.000000 0.000000 -1
0 6.879341 23.550510 270.459534 1.000000 1.000000 -1
0 87.180542 43.718098 113.505707 0.000000 0.000000 -1
0 6.879341 23.550510 270.459534 0.000000 1.000000 -1
0 87.829620 21.263084 111.913849 1.000000 0.000000 -1
0 7.528419 1.095505 268.867615 1.000000 1.000000 -1
0 87.829620 21.263084 111.913849 0.000000 0.000000 -1
0 7.528419 1.095505 268.867615 0.000000 1.000000 -1
0 77.477661 21.472420 100.050446 1.000000 0.000000 -1
0 -2.823601 1.304810 257.004395 1.000000 1.000000 -1
0 77.477661 21.472420 100.050446 0.000000 0.000000 -1
0 -2.823601 1.304810 257.004395 0.000000 1.000000 -1
0 76.828552 43.927383 101.642487 1.000000 0.000000 -1
0 -3.472618 23.759834 258.596313 1.000000 1.000000 -1
0 76.828552 43.927383 101.642487 0.000000 1.000000 -1
0 87.180542 43.718098 113.505707 1.000000 1.000000 -1
0 -3.472618 23.759834 258.596313 0.000000 0.000000 -1
0 6.879341 23.550510 270.459534 1.000000 0.000000 -1
18
-0.079524 0.993037 0.086912
-0.079523 0.993037 0.086913
-0.079522 0.993037 0.086914
0.890569 -0.006499 0.454801
0.890569 -0.006499 0.454801
0.890569 -0.006500 0.454801
0.079522 -0.993037 -0.086914
0.079523 -0.993037 -0.086913
0.079523 -0.993037 -0.086913
-0.890570 0.006501 -0.454801
-0.890570 0.006502 -0.454800
-0.890570 0.006502 -0.454800
0.752315 0.068205 -0.655264
0.752312 0.068202 -0.655267
0.752309 0.068199 -0.655271
-0.752310 -0.068198 0.655270
-0.752309 -0.068200 0.655271
-0.752308 -0.068201 0.655272
12
0 0 1 2 0 1 1 1
0 1 3 2 1 2 1 1
0 4 5 6 3 4 4 2
0 5 7 6 4 5 4 2
0 8 9 10 6 7 7 1
0 9 11 10 7 8 7 1
0 12 13 14 9 10 10 2
0 13 15 14 10 11 10 2
0 12 16 6 12 13 13 3
0 16 17 6 13 14 13 3
0 18 13 19 15 16 16 3
0 13 7 19 16 17 16 3
"Box10" 0 0
20
0 19.713585 45.049595 289.244629 0.000000 0.000000 -1
0 7.493111 47.315300 288.993225 0.000000 1.000000 -1
0 20.714394 58.281609 273.718506 1.000000 0.000000 -1
0 8.493996 60.547287 273.467163 1.000000 1.000000 -1
0 20.714394 58.281609 273.718506 0.000000 0.000000 -1
0 8.493996 60.547287 273.467163 0.000000 1.000000 -1
0 21.622231 73.283630 286.666077 1.000000 0.000000 -1
0 9.401848 75.549393 286.414673 1.000000 1.000000 -1
0 21.622231 73.283630 286.666077 0.000000 0.000000 -1
0 9.401848 75.549393 286.414673 0.000000 1.000000 -1
0 20.621468 60.051712 302.192200 1.000000 0.000000 -1
0 8.401039 62.317398 301.940796 1.000000 1.000000 -1
0 20.621468 60.051712 302.192200 0.000000 0.000000 -1
0 8.401039 62.317398 301.940796 0.000000 1.000000 -1
0 19.713585 45.049595 289.244629 1.000000 0.000000 -1
0 7.493111 47.315300 288.993225 1.000000 1.000000 -1
0 19.713585 45.049595 289.244629 0.000000 1.000000 -1
0 20.714394 58.281609 273.718506 1.000000 1.000000 -1
0 7.493111 47.315300 288.993225 0.000000 0.000000 -1
0 8.493996 60.547287 273.467163 1.000000 0.000000 -1
18
-0.125906 -0.751019 -0.648166
-0.125907 -0.751018 -0.648166
-0.125909 -0.751017 -0.648167
0.134675 0.642732 -0.754160
0.134678 0.642730 -0.754162
0.134682 0.642727 -0.754163
0.125911 0.751020 0.648162
0.125909 0.751020 0.648164
0.125906 0.751019 0.648165
-0.134678 -0.642729 0.754162
-0.134678 -0.642729 0.754162
-0.134678 -0.642729 0.754162
0.997741 -0.066772 0.007406
0.997741 -0.066772 0.007407
0.997741 -0.066772 0.007409
-0.997740 0.066777 -0.007409
-0.997741 0.066775 -0.007408
-0.997741 0.066772 -0.007408
12
0 0 1 2 0 1 1 1
0 1 3 2 1 2 1 1
0 4 5 6 3 4 4 2
0 5 7 6 4 5 4 2
0 8 9 10 6 7 7 1
0 9 11 10 7 8 7 1
0 12 13 14 9 10 10 2
0 13 15 14 10 11 10 2
0 12 16 6 12 13 13 3
0 16 17 6 13 14 13 3
0 18 13 19 15 16 16 3
0 13 7 19 16 17 16 3
"Box11" 0 0
20
0 -10.117546 20.606026 318.808533 0.000000 0.000000 -1
0 -21.275330 22.674679 318.579041 0.000000 1.000000 -1
0 -9.102257 34.029789 303.057434 1.000000 0.000000 -1
0 -20.260033 36.098473 302.827942 1.000000 1.000000 -1
0 -9.102257 34.029789 303.057434 0.000000 0.000000 -1
0 -20.260033 36.098473 302.827942 0.000000 1.000000 -1
0 -8.153709 49.703625 316.584778 1.000000 0.000000 -1
0 -19.311485 51.772358 316.355164 1.000000 1.000000 -1
0 -8.153709 49.703625 316.584778 0.000000 0.000000 -1
0 -19.311485 51.772358 316.355164 0.000000 1.000000 -1
0 -9.168999 36.279816 332.335938 1.000000 0.000000 -1
0 -20.326775 38.348526 332.106323 1.000000 1.000000 -1
0 -9.168999 36.279816 332.335938 0.000000 0.000000 -1
0 -20.326775 38.348526 332.106323 0.000000 1.000000 -1
0 -10.117546 20.606026 318.808533 1.000000 0.000000 -1
0 -21.275330 22.674679 318.579041 1.000000 1.000000 -1
0 -10.117546 20.606026 318.808533 0.000000 1.000000 -1
0 -9.102257 34.029789 303.057434 1.000000 1.000000 -1
0 -21.275330 22.674679 318.579041 0.000000 0.000000 -1
0 -20.260033 36.098473 302.827942 1.000000 0.000000 -1
18
-0.125907 -0.751018 -0.648166
-0.125908 -0.751018 -0.648166
-0.125909 -0.751017 -0.648167
0.134676 0.642731 -0.754162
0.134681 0.642728 -0.754163
0.134686 0.642725 -0.754165
0.125906 0.751019 0.648166
0.125905 0.751018 0.648166
0.125904 0.751018 0.648166
-0.134686 -0.642732 0.754158
-0.134680 -0.642731 0.754161
-0.134674 -0.642729 0.754163
0.997741 -0.066773 0.007406
0.997741 -0.066773 0.007406
0.997741 -0.066773 0.007406
-0.997741 0.066773 -0.007406
-0.997741 0.066773 -0.007406
-0.997741 0.066773 -0.007406
12
0 0 1 2 0 1 1 1
0 1 3 2 1 2 1 1
0 4 5 6 3 4 4 2
0 5 7 6 4 5 4 2
0 8 9 10 6 7 7 1
0 9 11 10 7 8 7 1
0 12 13 14 9 10 10 2
0 13 15 14 10 11 10 2
0 12 16 6 12 13 13 3
0 16 17 6 13 14 13 3
0 18 13 19 15 16 16 3
0 13 7 19 16 17 16 3
"Duplicate19" 0 0
20
0 37.209114 -32.379379 469.303467 0.000000 0.000000 -1
0 -12.577446 -31.983757 354.962769 0.000000 1.000000 -1
0 47.443573 -27.037247 456.976257 1.000000 0.000000 -1
0 -2.343010 -26.641762 342.635559 1.000000 1.000000 -1
0 47.443573 -27.037247 456.976257 0.000000 0.000000 -1
0 -2.343010 -26.641762 342.635559 0.000000 1.000000 -1
0 44.973999 -6.894791 460.024963 1.000000 0.000000 -1
0 -4.812584 -6.499191 345.684204 1.000000 1.000000 -1
0 44.973999 -6.894791 460.024963 0.000000 0.000000 -1
0 -4.812584 -6.499191 345.684204 0.000000 1.000000 -1
0 34.739601 -12.236786 472.352295 1.000000 0.000000 -1
0 -15.046967 -11.841286 358.011475 1.000000 1.000000 -1
0 34.739601 -12.236786 472.352295 0.000000 0.000000 -1
0 -15.046967 -11.841286 358.011475 0.000000 1.000000 -1
0 37.209114 -32.379379 469.303467 1.000000 0.000000 -1
0 -12.577446 -31.983757 354.962769 1.000000 1.000000 -1
0 37.209114 -32.379379 469.303467 0.000000 1.000000 -1
0 47.443573 -27.037247 456.976257 1.000000 1.000000 -1
0 -12.577446 -31.983757 354.962769 0.000000 0.000000 -1
0 -2.343010 -26.641762 342.635559 1.000000 0.000000 -1
18
0.318367 -0.937292 -0.141867
0.318364 -0.937293 -0.141865
0.318361 -0.937295 -0.141864
0.903683 0.170264 -0.392896
0.903683 0.170263 -0.392896
0.903684 0.170262 -0.392895
-0.318360 0.937295 0.141864
-0.318363 0.937294 0.141865
-0.318366 0.937292 0.141866
-0.903684 -0.170263 0.392895
-0.903684 -0.170262 0.392895
-0.903684 -0.170262 0.392895
0.769867 -0.002213 0.638200
0.769864 -0.002210 0.638204
0.769861 -0.002208 0.638207
-0.769862 0.002210 -0.638206
-0.769863 0.002208 -0.638205
-0.769864 0.002205 -0.638204
12
0 0 1 2 0 1 1 1
0 1 3 2 1 2 1 1
0 4 5 6 3 4 4 2
0 5 7 6 4 5 4 2
0 8 9 10 6 7 7 1
0 9 11 10 7 8 7 1
0 12 13 14 9 10 10 2
0 13 15 14 10 11 10 2
0 12 16 6 12 13 13 3
0 16 17 6 13 14 13 3
0 18 13 19 15 16 16 3
0 13 7 19 16 17 16 3
"Duplicate20" 0 0
20
0 0.473122 17.534538 329.265808 1.000000 0.000000 -1
0 49.295166 111.448593 394.188904 0.000000 1.000000 -1
0 1.357155 29.222446 315.551453 0.000000 0.000000 -1
0 48.411102 99.760635 407.903259 1.000000 1.000000 -1
0 7.916359 22.733002 335.025452 1.000000 0.000000 -1
0 48.411102 99.760635 407.903259 0.000000 1.000000 -1
0 0.473122 17.534538 329.265808 0.000000 0.000000 -1
0 55.854248 104.959229 413.662781 1.000000 1.000000 -1
0 8.800423 34.420971 321.311096 1.000000 0.000000 -1
0 55.854248 104.959229 413.662781 0.000000 1.000000 -1
0 7.916359 22.733002 335.025452 0.000000 0.000000 -1
0 56.738403 116.647125 399.948486 1.000000 1.000000 -1
0 1.357155 29.222446 315.551453 1.000000 0.000000 -1
0 56.738403 116.647125 399.948486 0.000000 1.000000 -1
0 8.800423 34.420971 321.311096 0.000000 0.000000 -1
0 49.295166 111.448593 394.188904 1.000000 1.000000 -1
0 1.357155 29.222446 315.551453 0.000000 1.000000 -1
0 0.473122 17.534538 329.265808 1.000000 1.000000 -1
0 48.411102 99.760635 407.903259 1.000000 0.000000 -1
0 49.295166 111.448593 394.188904 0.000000 0.000000 -1
18
-0.919446 0.326560 0.219039
-0.919446 0.326560 0.219039
-0.919446 0.326560 0.219038
-0.134673 -0.642731 0.754161
-0.134691 -0.642725 0.754164
-0.134655 -0.642738 0.754159
0.919446 -0.326561 -0.219036
0.919446 -0.326559 -0.219038
0.919446 -0.326563 -0.219035
0.134676 0.642730 -0.754162
0.134681 0.642728 -0.754163
0.134670 0.642733 -0.754161
0.715897 -0.553512 -0.425578
0.715897 -0.553511 -0.425578
0.715897 -0.553512 -0.425578
-0.715900 0.553511 0.425574
-0.715897 0.553511 0.425577
-0.715902 0.553511 0.425571
12
0 0 1 2 0 0 1 1
0 0 3 1 0 2 0 1
0 4 5 6 3 3 4 2
0 4 7 5 3 5 3 2
0 8 9 10 6 6 7 1
0 8 11 9 6 8 6 1
0 12 13 14 9 9 10 2
0 12 15 13 9 11 9 2
0 4 16 14 12 12 13 3
0 4 17 16 12 14 12 3
0 18 13 19 15 15 16 3
0 18 7 13 15 17 15 3
"Box12" 0 0
20
0 -15.366745 -2.602547 309.383057 0.000000 0.000000 -1
0 -60.529099 5.770752 308.454041 0.000000 1.000000 -1
0 -14.442101 9.622658 295.038269 1.000000 0.000000 -1
0 -59.604431 17.995934 294.109375 1.000000 1.000000 -1
0 -14.442101 9.622658 295.038269 0.000000 0.000000 -1
0 -59.604431 17.995934 294.109375 0.000000 1.000000 -1
0 -13.683296 22.161728 305.860168 1.000000 0.000000 -1
0 -58.845596 30.535015 304.931213 1.000000 1.000000 -1
0 -13.683296 22.161728 305.860168 0.000000 0.000000 -1
0 -58.845596 30.535015 304.931213 0.000000 1.000000 -1
0 -14.607933 9.936497 320.204956 1.000000 0.000000 -1
0 -59.770302 18.309822 319.275940 1.000000 1.000000 -1
0 -14.607933 9.936497 320.204956 0.000000 0.000000 -1
0 -59.770302 18.309822 319.275940 0.000000 1.000000 -1
0 -15.366745 -2.602547 309.383057 1.000000 0.000000 -1
0 -60.529099 5.770752 308.454041 1.000000 1.000000 -1
0 -15.366745 -2.602547 309.383057 0.000000 1.000000 -1
0 -14.442101 9.622658 295.038269 1.000000 1.000000 -1
0 -60.529099 5.770752 308.454041 0.000000 0.000000 -1
0 -59.604431 17.995934 294.109375 1.000000 0.000000 -1
18
-0.125909 -0.751019 -0.648165
-0.125910 -0.751018 -0.648166
-0.125910 -0.751017 -0.648167
0.134677 0.642732 -0.754161
0.134677 0.642730 -0.754162
0.134677 0.642729 -0.754163
0.125910 0.751018 0.648165
0.125910 0.751018 0.648166
0.125909 0.751018 0.648166
-0.134679 -0.642732 0.754160
-0.134679 -0.642732 0.754160
-0.134679 -0.642731 0.754160
0.997741 -0.066772 0.007407
0.997741 -0.066772 0.007407
0.997741 -0.066772 0.007408
-0.997741 0.066772 -0.007409
-0.997741 0.066774 -0.007409
-0.997741 0.066775 -0.007409
12
0 0 1 2 0 1 1 1
0 1 3 2 1 2 1 1
0 4 5 6 3 4 4 2
0 5 7 6 4 5 4 2
0 8 9 10 6 7 7 1
0 9 11 10 7 8 7 1
0 12 13 14 9 10 10 2
0 13 15 14 10 11 10 2
0 12 16 6 12 13 13 3
0 16 17 6 13 14 13 3
0 18 13 19 15 16 16 3
0 13 7 19 16 17 16 3
"Duplicate21" 0 0
20
0 -61.480820 8.699734 312.708984 0.000000 0.000000 -1
0 -106.643036 17.072948 311.780029 0.000000 1.000000 -1
0 -60.556076 20.924957 298.364258 1.000000 0.000000 -1
0 -105.718338 29.298279 297.435242 1.000000 1.000000 -1
0 -60.556076 20.924957 298.364258 0.000000 0.000000 -1
0 -105.718338 29.298279 297.435242 0.000000 1.000000 -1
0 -59.797318 33.464073 309.186157 1.000000 0.000000 -1
0 -104.959564 41.837303 308.257141 1.000000 1.000000 -1
0 -59.797318 33.464073 309.186157 0.000000 0.000000 -1
0 -104.959564 41.837303 308.257141 0.000000 1.000000 -1
0 -60.721954 21.238865 323.530884 1.000000 0.000000 -1
0 -105.884125 29.612095 322.601868 1.000000 1.000000 -1
0 -60.721954 21.238865 323.530884 0.000000 0.000000 -1
0 -105.884125 29.612095 322.601868 0.000000 1.000000 -1
0 -61.480820 8.699734 312.708984 1.000000 0.000000 -1
0 -106.643036 17.072948 311.780029 1.000000 1.000000 -1
0 -61.480820 8.699734 312.708984 0.000000 1.000000 -1
0 -60.556076 20.924957 298.364258 1.000000 1.000000 -1
0 -106.643036 17.072948 311.780029 0.000000 0.000000 -1
0 -105.718338 29.298279 297.435242 1.000000 0.000000 -1
18
-0.125909 -0.751017 -0.648167
-0.125909 -0.751016 -0.648168
-0.125909 -0.751016 -0.648169
0.134679 0.642730 -0.754161
0.134679 0.642732 -0.754160
0.134678 0.642733 -0.754159
0.125908 0.751018 0.648166
0.125908 0.751018 0.648166
0.125908 0.751018 0.648166
-0.134678 -0.642729 0.754162
-0.134677 -0.642728 0.754164
-0.134676 -0.642727 0.754165
0.997741 -0.066774 0.007405
0.997741 -0.066773 0.007409
0.997741 -0.066773 0.007413
-0.997740 0.066778 -0.007405
-0.997741 0.066773 -0.007405
-0.997741 0.066767 -0.007405
12
0 0 1 2 0 1 1 1
0 1 3 2 1 2 1 1
0 4 5 6 3 4 4 2
0 5 7 6 4 5 4 2
0 8 9 10 6 7 7 1
0 9 11 10 7 8 7 1
0 12 13 14 9 10 10 2
0 13 15 14 10 11 10 2
0 12 16 6 12 13 13 3
0 16 17 6 13 14 13 3
0 18 13 19 15 16 16 3
0 13 7 19 16 17 16 3
"Duplicate22" 0 0
20
0 137.664612 1.524536 307.403015 1.000000 0.000000 -1
0 181.902100 -19.073959 322.676819 0.000000 1.000000 -1
0 136.739929 -10.700600 321.747681 0.000000 0.000000 -1
0 182.826935 -6.848770 308.332031 1.000000 1.000000 -1
0 138.423462 14.063690 318.225037 1.000000 0.000000 -1
0 182.826935 -6.848770 308.332031 0.000000 1.000000 -1
0 137.664612 1.524536 307.403015 0.000000 0.000000 -1
0 183.585754 5.690338 319.153992 1.000000 1.000000 -1
0 137.498779 1.838425 332.569702 1.000000 0.000000 -1
0 183.585754 5.690338 319.153992 0.000000 1.000000 -1
0 138.423462 14.063690 318.225037 0.000000 0.000000 -1
0 182.661133 -6.534859 333.498718 1.000000 1.000000 -1
0 136.739929 -10.700600 321.747681 1.000000 0.000000 -1
0 182.661133 -6.534859 333.498718 0.000000 1.000000 -1
0 137.498779 1.838425 332.569702 0.000000 0.000000 -1
0 181.902100 -19.073959 322.676819 1.000000 1.000000 -1
0 136.739929 -10.700600 321.747681 0.000000 1.000000 -1
0 137.664612 1.524536 307.403015 1.000000 1.000000 -1
0 182.826935 -6.848770 308.332031 1.000000 0.000000 -1
0 181.902100 -19.073959 322.676819 0.000000 0.000000 -1
18
-0.125909 -0.751018 -0.648165
-0.125909 -0.751018 -0.648166
-0.125909 -0.751019 -0.648165
0.134679 0.642733 -0.754159
0.134679 0.642733 -0.754159
0.134679 0.642732 -0.754160
0.125909 0.751016 0.648168
0.125910 0.751014 0.648170
0.125909 0.751018 0.648166
-0.134681 -0.642733 0.754159
-0.134679 -0.642737 0.754156
-0.134682 -0.642729 0.754162
-0.997741 0.066775 -0.007407
-0.997741 0.066775 -0.007407
-0.997741 0.066775 -0.007408
0.997740 -0.066780 0.007406
0.997740 -0.066789 0.007406
0.997741 -0.066771 0.007406
12
0 0 1 2 0 0 1 1
0 0 3 1 0 2 0 1
0 4 5 6 3 3 4 2
0 4 7 5 3 5 3 2
0 8 9 10 6 6 7 1
0 8 11 9 6 8 6 1
0 12 13 14 9 9 10 2
0 12 15 13 9 11 9 2
0 4 16 14 12 12 13 3
0 4 17 16 12 14 12 3
0 18 13 19 15 15 16 3
0 18 7 13 15 17 15 3
"Duplicate23" 0 0
20
0 -107.854294 -43.300079 531.056763 1.000000 0.000000 -1
0 -17.201057 -23.341873 369.844788 0.000000 1.000000 -1
0 -97.502304 -43.509369 544.237915 0.000000 0.000000 -1
0 -27.553032 -23.132523 356.663452 1.000000 1.000000 -1
0 -108.503296 -20.845078 532.825317 1.000000 0.000000 -1
0 -27.553032 -23.132523 356.663452 0.000000 1.000000 -1
0 -107.854294 -43.300079 531.056763 0.000000 0.000000 -1
0 -28.202057 -0.677505 358.432312 1.000000 1.000000 -1
0 -98.151291 -21.054359 546.006836 1.000000 0.000000 -1
0 -28.202057 -0.677505 358.432312 0.000000 1.000000 -1
0 -108.503296 -20.845078 532.825317 0.000000 0.000000 -1
0 -17.850075 -0.886826 371.613708 1.000000 1.000000 -1
0 -97.502304 -43.509369 544.237915 1.000000 0.000000 -1
0 -17.850075 -0.886826 371.613708 0.000000 1.000000 -1
0 -98.151291 -21.054359 546.006836 0.000000 0.000000 -1
0 -17.201057 -23.341873 369.844788 1.000000 1.000000 -1
0 -97.502304 -43.509369 544.237915 0.000000 1.000000 -1
0 -107.854294 -43.300079 531.056763 1.000000 1.000000 -1
0 -27.553032 -23.132523 356.663452 1.000000 0.000000 -1
0 -17.201057 -23.341873 369.844788 0.000000 0.000000 -1
18
0.079579 -0.993750 -0.078278
0.079580 -0.993750 -0.078278
0.079577 -0.993750 -0.078279
-0.908603 0.006632 -0.417609
-0.908603 0.006630 -0.417609
-0.908603 0.006635 -0.417609
-0.079581 0.993750 0.078278
-0.079582 0.993750 0.078277
-0.079579 0.993750 0.078278
0.908603 -0.006637 0.417609
0.908603 -0.006637 0.417608
0.908603 -0.006636 0.417609
-0.785011 -0.071161 0.615381
-0.785015 -0.071165 0.615376
-0.785007 -0.071156 0.615386
0.785012 0.071166 -0.615379
0.785012 0.071166 -0.615379
0.785013 0.071165 -0.615378
12
0 0 1 2 0 0 1 1
0 0 3 1 0 2 0 1
0 4 5 6 3 3 4 2
0 4 7 5 3 5 3 2
0 8 9 10 6 6 7 1
0 8 11 9 6 8 6 1
0 12 13 14 9 9 10 2
0 12 15 13 9 11 9 2
0 4 16 14 12 12 13 3
0 4 17 16 12 14 12 3
0 18 13 19 15 15 16 3
0 18 7 13 15 17 15 3
"Duplicate24" 0 0
20
0 80.651398 -26.381226 322.161011 0.000000 0.000000 -1
0 35.489082 -18.007927 321.232056 0.000000 1.000000 -1
0 81.576050 -14.155945 307.816223 1.000000 0.000000 -1
0 36.413719 -5.782669 306.887268 1.000000 1.000000 -1
0 81.576050 -14.155945 307.816223 0.000000 0.000000 -1
0 36.413719 -5.782669 306.887268 0.000000 1.000000 -1
0 82.334869 -1.616928 318.638123 1.000000 0.000000 -1
0 37.172554 6.756397 317.709106 1.000000 1.000000 -1
0 82.334869 -1.616928 318.638123 0.000000 0.000000 -1
0 37.172554 6.756397 317.709106 0.000000 1.000000 -1
0 81.410217 -13.842133 332.982849 1.000000 0.000000 -1
0 36.247871 -5.468796 332.053894 1.000000 1.000000 -1
0 81.410217 -13.842133 332.982849 0.000000 0.000000 -1
0 36.247871 -5.468796 332.053894 0.000000 1.000000 -1
0 80.651398 -26.381226 322.161011 1.000000 0.000000 -1
0 35.489082 -18.007927 321.232056 1.000000 1.000000 -1
0 80.651398 -26.381226 322.161011 0.000000 1.000000 -1
0 81.576050 -14.155945 307.816223 1.000000 1.000000 -1
0 35.489082 -18.007927 321.232056 0.000000 0.000000 -1
0 36.413719 -5.782669 306.887268 1.000000 0.000000 -1
18
-0.125910 -0.751017 -0.648167
-0.125910 -0.751017 -0.648166
-0.125909 -0.751018 -0.648166
0.134678 0.642733 -0.754159
0.134678 0.642731 -0.754161
0.134679 0.642729 -0.754162
0.125909 0.751018 0.648166
0.125910 0.751018 0.648165
0.125911 0.751019 0.648164
-0.134678 -0.642729 0.754163
-0.134678 -0.642728 0.754163
-0.134677 -0.642728 0.754164
0.997741 -0.066772 0.007407
0.997741 -0.066772 0.007407
0.997741 -0.066773 0.007407
-0.997741 0.066770 -0.007408
-0.997741 0.066772 -0.007408
-0.997741 0.066774 -0.007408
12
0 0 1 2 0 1 1 1
0 1 3 2 1 2 1 1
0 4 5 6 3 4 4 2
0 5 7 6 4 5 4 2
0 8 9 10 6 7 7 1
0 9 11 10 7 8 7 1
0 12 13 14 9 10 10 2
0 13 15 14 10 11 10 2
0 12 16 6 12 13 13 3
0 16 17 6 13 14 13 3
0 18 13 19 15 16 16 3
0 13 7 19 16 17 16 3
"GeoSphere01" 1 2
42
1 -17.274887 -6.824738 341.924561 0.000000 0.000000 -1
1 2.711311 -6.824738 347.602173 0.000000 0.000000 -1
1 -9.036278 12.183262 340.341797 0.000000 0.000000 -1
1 2.711311 25.513603 329.572388 0.000000 0.000000 -1
1 14.458900 12.183262 340.341797 0.000000 0.000000 -1
1 22.697502 -6.824738 341.924561 0.000000 0.000000 -1
1 -28.044281 4.922852 328.594177 0.000000 0.000000 -1
1 -29.627029 13.161461 309.586182 0.000000 0.000000 -1
1 -16.296692 23.930859 321.333801 0.000000 0.000000 -1
1 -16.296692 23.930859 297.838623 0.000000 0.000000 -1
1 2.711311 25.513603 289.599976 0.000000 0.000000 -1
1 2.711311 31.191261 309.586182 0.000000 0.000000 -1
1 21.719307 23.930859 321.333801 0.000000 0.000000 -1
1 21.719307 23.930859 297.838623 0.000000 0.000000 -1
1 35.049660 13.161461 309.586182 0.000000 0.000000 -1
1 33.466896 4.922852 328.594177 0.000000 0.000000 -1
1 40.727303 -6.824738 309.586182 0.000000 0.000000 -1
1 35.049660 -26.810936 309.586182 0.000000 0.000000 -1
1 33.466896 -18.572327 328.594177 0.000000 0.000000 -1
1 33.466896 4.922852 290.578186 0.000000 0.000000 -1
1 22.697502 -6.824738 277.247864 0.000000 0.000000 -1
1 33.466896 -18.572327 290.578186 0.000000 0.000000 -1
1 14.458900 12.183262 278.830627 0.000000 0.000000 -1
1 -9.036278 12.183262 278.830627 0.000000 0.000000 -1
1 -17.274887 -6.824738 277.247864 0.000000 0.000000 -1
1 2.711311 -6.824738 271.570190 0.000000 0.000000 -1
1 -9.036278 -25.832733 278.830627 0.000000 0.000000 -1
1 2.711311 -39.163078 289.599976 0.000000 0.000000 -1
1 14.458900 -25.832733 278.830627 0.000000 0.000000 -1
1 21.719307 -37.580330 297.838623 0.000000 0.000000 -1
1 2.711311 -44.840736 309.586182 0.000000 0.000000 -1
1 2.711311 -39.163078 329.572388 0.000000 0.000000 -1
1 21.719307 -37.580330 321.333801 0.000000 0.000000 -1
1 -16.296692 -37.580330 297.838623 0.000000 0.000000 -1
1 -29.627029 -26.810936 309.586182 0.000000 0.000000 -1
1 -16.296692 -37.580330 321.333801 0.000000 0.000000 -1
1 -28.044281 -18.572327 328.594177 0.000000 0.000000 -1
1 -9.036278 -25.832733 340.341797 0.000000 0.000000 -1
1 14.458900 -25.832733 340.341797 0.000000 0.000000 -1
1 -35.304688 -6.824738 309.586182 0.000000 0.000000 -1
1 -28.044281 4.922852 290.578186 0.000000 0.000000 -1
1 -28.044281 -18.572327 290.578186 0.000000 0.000000 -1
42
-0.525731 -0.000000 0.850651
0.000000 -0.000000 1.000000
-0.309017 0.500000 0.809017
0.000000 0.850651 0.525731
0.309017 0.500000 0.809017
0.525731 -0.000000 0.850651
-0.809017 0.309017 0.499999
-0.850651 0.525731 -0.000000
-0.500000 0.809017 0.309017
-0.500000 0.809017 -0.309017
0.000000 0.850650 -0.525732
0.000000 1.000000 0.000000
0.500000 0.809017 0.309017
0.500000 0.809017 -0.309017
0.850651 0.525731 -0.000000
0.809017 0.309017 0.500000
1.000000 0.000000 0.000000
0.850651 -0.525731 -0.000000
0.809017 -0.309017 0.500000
0.809017 0.309017 -0.500000
0.525731 -0.000000 -0.850651
0.809017 -0.309017 -0.500000
0.309017 0.500000 -0.809017
-0.309017 0.500000 -0.809017
-0.525731 -0.000000 -0.850651
0.000000 -0.000000 -1.000000
-0.309017 -0.500000 -0.809017
0.000000 -0.850650 -0.525732
0.309017 -0.500000 -0.809017
0.500000 -0.809017 -0.309017
0.000000 -1.000000 0.000000
0.000000 -0.850651 0.525731
0.500000 -0.809017 0.309017
-0.500000 -0.809017 -0.309017
-0.850651 -0.525731 -0.000000
-0.500000 -0.809017 0.309017
-0.809017 -0.309017 0.499999
-0.309017 -0.500000 0.809017
0.309017 -0.500000 0.809017
-1.000000 0.000000 0.000000
-0.809017 0.309017 -0.500000
-0.809017 -0.309017 -0.500000
80
1 0 1 2 0 1 2 1
1 3 2 4 3 2 4 1
1 5 4 1 5 4 1 1
1 2 1 4 2 1 4 1
1 0 2 6 0 2 6 1
1 7 6 8 7 6 8 1
1 3 8 2 3 8 2 1
1 6 2 8 6 2 8 1
1 7 8 9 7 8 9 1
1 10 9 11 10 9 11 1
1 3 11 8 3 11 8 1
1 9 8 11 9 8 11 1
1 3 12 11 3 12 11 1
1 10 11 13 10 11 13 1
1 14 13 12 14 13 12 1
1 11 12 13 11 12 13 1
1 3 4 12 3 4 12 1
1 14 12 15 14 12 15 1
1 5 15 4 5 15 4 1
1 12 4 15 12 4 15 1
1 14 15 16 14 15 16 1
1 17 16 18 17 16 18 1
1 5 18 15 5 18 15 1
1 16 15 18 16 15 18 1
1 14 16 19 14 16 19 1
1 20 19 21 20 19 21 1
1 17 21 16 17 21 16 1
1 19 16 21 19 16 21 1
1 10 13 22 10 13 22 1
1 20 22 19 20 22 19 1
1 14 19 13 14 19 13 1
1 22 13 19 22 13 19 1
1 10 22 23 10 22 23 1
1 24 23 25 24 23 25 1
1 20 25 22 20 25 22 1
1 23 22 25 23 22 25 1
1 24 25 26 24 25 26 1
1 27 26 28 27 26 28 1
1 20 28 25 20 28 25 1
1 26 25 28 26 25 28 1
1 27 28 29 27 28 29 1
1 17 29 21 17 29 21 1
1 20 21 28 20 21 28 1
1 29 28 21 29 28 21 1
1 27 29 30 27 29 30 1
1 31 30 32 31 30 32 1
1 17 32 29 17 32 29 1
1 30 29 32 30 29 32 1
1 27 30 33 27 30 33 1
1 34 33 35 34 33 35 1
1 31 35 30 31 35 30 1
1 33 30 35 33 30 35 1
1 34 35 36 34 35 36 1
1 0 36 37 0 36 37 1
1 31 37 35 31 37 35 1
1 36 35 37 36 35 37 1
1 0 37 1 0 37 1 1
1 5 1 38 5 1 38 1
1 31 38 37 31 38 37 1
1 1 37 38 1 37 38 1
1 31 32 38 31 32 38 1
1 5 38 18 5 38 18 1
1 17 18 32 17 18 32 1
1 38 32 18 38 32 18 1
1 7 39 6 7 39 6 1
1 0 6 36 0 6 36 1
1 34 36 39 34 36 39 1
1 6 39 36 6 39 36 1
1 7 40 39 7 40 39 1
1 34 39 41 34 39 41 1
1 24 41 40 24 41 40 1
1 39 40 41 39 40 41 1
1 7 9 40 7 9 40 1
1 24 40 23 24 40 23 1
1 10 23 9 10 23 9 1
1 40 9 23 40 9 23 1
1 27 33 26 27 33 26 1
1 24 26 41 24 26 41 1
1 34 41 33 34 41 33 1
1 26 33 41 26 33 41 1
