// MilkShape 3D ASCII

Frames: 30
Frame: 1

Meshes: 1
"Sphere06" 0 0
33
0 0.000000 -113.916664 0.000000 0.000000 1.000000 -1
0 80.610168 -80.526833 0.000000 0.000000 0.750000 -1
0 40.305084 -80.526833 69.810455 0.166667 0.750000 -1
0 0.000000 114.083336 0.000000 0.000000 0.000000 -1
0 40.305084 80.693512 69.810455 0.166667 0.250000 -1
0 80.610168 80.693512 0.000000 0.000000 0.250000 -1
0 0.000000 -113.916664 0.000000 0.166667 1.000000 -1
0 -40.305084 -80.526833 69.810455 0.333333 0.750000 -1
0 0.000000 114.083336 0.000000 0.166667 0.000000 -1
0 -40.305084 80.693512 69.810455 0.333333 0.250000 -1
0 0.000000 -113.916664 0.000000 0.333333 1.000000 -1
0 -80.610168 -80.526833 0.000000 0.500000 0.750000 -1
0 0.000000 114.083336 0.000000 0.333333 0.000000 -1
0 -80.610168 80.693512 0.000000 0.500000 0.250000 -1
0 0.000000 -113.916664 0.000000 0.500000 1.000000 -1
0 -40.305084 -80.526833 -69.810455 0.666667 0.750000 -1
0 0.000000 114.083336 0.000000 0.500000 0.000000 -1
0 -40.305084 80.693512 -69.810455 0.666667 0.250000 -1
0 0.000000 -113.916664 0.000000 0.666667 1.000000 -1
0 40.305084 -80.526833 -69.810455 0.833333 0.750000 -1
0 0.000000 114.083336 0.000000 0.666667 0.000000 -1
0 40.305084 80.693512 -69.810455 0.833333 0.250000 -1
0 0.000000 -113.916664 0.000000 0.833333 1.000000 -1
0 80.610168 -80.526833 0.000000 1.000000 0.750000 -1
0 0.000000 114.083336 0.000000 0.833333 0.000000 -1
0 80.610168 80.693512 0.000000 1.000000 0.250000 -1
0 114.000000 0.083341 0.000000 0.000000 0.500000 -1
0 57.000000 0.083341 98.726891 0.166667 0.500000 -1
0 -57.000000 0.083341 98.726891 0.333333 0.500000 -1
0 -114.000000 0.083341 0.000000 0.500000 0.500000 -1
0 -57.000000 0.083341 -98.726891 0.666667 0.500000 -1
0 57.000000 0.083341 -98.726891 0.833333 0.500000 -1
0 114.000000 0.083341 0.000000 1.000000 0.500000 -1
33
0.373672 -0.902123 0.215739
0.715579 -0.563260 0.413140
0.346062 -0.721779 0.599396
0.373672 0.902123 0.215739
0.346062 0.721779 0.599396
0.715579 0.563260 0.413140
0.000000 -0.902123 0.431479
-0.392887 -0.618514 0.680500
0.000000 0.902123 0.431479
-0.392887 0.618514 0.680500
-0.373672 -0.902123 0.215739
-0.692123 -0.721779 0.000000
-0.373672 0.902123 0.215739
-0.692123 0.721779 0.000000
-0.373672 -0.902123 -0.215739
-0.392887 -0.618514 -0.680500
-0.373672 0.902123 -0.215739
-0.392887 0.618514 -0.680500
0.000000 -0.902123 -0.431479
0.346062 -0.721779 -0.599396
0.000000 0.902123 -0.431479
0.346062 0.721779 -0.599396
0.373672 -0.902123 -0.215739
0.715579 -0.563260 -0.413140
0.373672 0.902123 -0.215739
0.715579 0.563260 -0.413140
0.866025 0.000000 0.500000
0.500000 -0.000000 0.866025
-0.500000 0.000000 0.866025
-1.000000 0.000000 0.000000
-0.500000 0.000000 -0.866025
0.500000 0.000000 -0.866025
0.866025 0.000000 -0.500000
36
0 0 1 2 0 1 2 1
0 3 4 5 3 4 5 1
0 6 2 7 6 2 7 1
0 8 9 4 8 9 4 1
0 10 7 11 10 7 11 1
0 12 13 9 12 13 9 1
0 14 11 15 14 11 15 1
0 16 17 13 16 17 13 1
0 18 15 19 18 15 19 1
0 20 21 17 20 21 17 1
0 22 19 23 22 19 23 1
0 24 25 21 24 25 21 1
0 1 26 27 1 26 27 1
0 1 27 2 1 27 2 1
0 2 27 7 2 27 7 1
0 27 28 7 27 28 7 1
0 7 28 29 7 28 29 1
0 7 29 11 7 29 11 1
0 11 29 15 11 29 15 1
0 29 30 15 29 30 15 1
0 15 30 31 15 30 31 1
0 15 31 19 15 31 19 1
0 19 31 23 19 31 23 1
0 31 32 23 31 32 23 1
0 26 5 27 26 5 27 1
0 5 4 27 5 4 27 1
0 27 4 9 27 4 9 1
0 27 9 28 27 9 28 1
0 28 9 29 28 9 29 1
0 9 13 29 9 13 29 1
0 29 13 17 29 13 17 1
0 29 17 30 29 17 30 1
0 30 17 31 30 17 31 1
0 17 21 31 17 21 31 1
0 31 21 25 31 21 25 1
0 31 25 32 31 25 32 1
