// MilkShape 3D ASCII

Frames: 30
Frame: 1

Meshes: 2
"Duplicate00" 1 1
20
1 0.000000 125.483406 -0.000021 0.249400 0.054477 -1
1 88.671188 88.754539 -0.000007 0.249400 0.184938 -1
1 44.335594 88.754570 -76.791534 0.091368 0.184938 -1
1 0.000000 -125.316719 0.000007 0.249400 0.945322 -1
1 44.335594 -88.587906 -76.791542 0.091368 0.814860 -1
1 88.671188 -88.587837 0.000008 0.249400 0.814860 -1
1 -44.335594 88.754570 -76.791534 0.091368 0.184938 -1
1 -88.671188 88.754539 -0.000007 0.249400 0.184938 -1
1 -88.671188 -88.587837 0.000008 0.249400 0.814860 -1
1 -44.335594 -88.587906 -76.791542 0.091368 0.814860 -1
1 -44.335594 88.754593 76.791573 0.407432 0.184938 -1
1 -44.335594 -88.587898 76.791542 0.407432 0.814860 -1
1 44.335594 88.754593 76.791573 0.407432 0.184938 -1
1 44.335594 -88.587898 76.791542 0.407432 0.814860 -1
1 125.400002 0.083335 -0.000001 0.249400 0.499900 -1
1 62.700001 0.083330 -108.599655 0.025908 0.499900 -1
1 -62.700001 0.083330 -108.599655 0.025908 0.499900 -1
1 -125.400002 0.083335 -0.000001 0.249400 0.499900 -1
1 -62.700001 0.083349 108.599640 0.472892 0.499900 -1
1 62.700001 0.083349 108.599640 0.472892 0.499900 -1
20
0.000000 1.000000 -0.000000
0.785774 0.618513 -0.000000
0.642710 0.670248 -0.371068
0.000000 -1.000000 0.000000
0.642710 -0.670248 -0.371068
0.785774 -0.618513 0.000000
-0.715579 0.563260 -0.413140
-0.692124 0.721779 -0.000000
-0.692124 -0.721779 0.000000
-0.715579 -0.563260 -0.413139
-0.715579 0.563260 0.413139
-0.715579 -0.563260 0.413139
0.642710 0.670248 0.371068
0.642710 -0.670248 0.371068
1.000000 -0.000000 0.000000
0.866026 -0.000000 -0.500000
-0.866026 0.000000 -0.500000
-1.000000 -0.000000 0.000000
-0.866026 -0.000000 0.500000
0.866026 -0.000000 0.500000
24
1 0 1 2 0 1 2 1
1 3 4 5 3 4 5 1
1 0 6 7 0 6 7 1
1 3 8 9 3 8 9 1
1 0 7 10 0 7 10 1
1 3 11 8 3 11 8 1
1 0 12 1 0 12 1 1
1 3 5 13 3 5 13 1
1 1 14 15 1 14 15 1
1 1 15 2 1 15 2 1
1 6 16 17 6 16 17 1
1 6 17 7 6 17 7 1
1 7 17 10 7 17 10 1
1 17 18 10 17 18 10 1
1 12 19 1 12 19 1 1
1 19 14 1 19 14 1 1
1 14 5 15 14 5 15 1
1 5 4 15 5 4 15 1
1 16 9 17 16 9 17 1
1 9 8 17 9 8 17 1
1 17 8 11 17 8 11 1
1 17 11 18 17 11 18 1
1 19 13 5 19 13 5 1
1 19 5 14 19 5 14 1
"Duplicate05" 1 1
14
1 -0.049911 -125.250000 -0.000003 0.734827 0.943640 -1
1 -44.385529 -88.521194 -76.791588 0.892804 0.813025 -1
1 44.285744 -88.521194 -76.791565 0.576850 0.813025 -1
1 -0.049911 125.550003 -0.000003 0.734827 0.051743 -1
1 44.285744 88.821198 -76.791565 0.576850 0.182358 -1
1 -44.385529 88.821198 -76.791588 0.892804 0.182358 -1
1 44.285706 -88.521194 76.791565 0.576850 0.813025 -1
1 -44.385544 -88.521194 76.791565 0.892804 0.813025 -1
1 -44.385544 88.821198 76.791565 0.892804 0.182358 -1
1 44.285706 88.821198 76.791565 0.576850 0.182358 -1
1 -62.749947 0.150008 -108.599709 0.958241 0.497691 -1
1 62.650169 0.150008 -108.599625 0.511413 0.497691 -1
1 62.650124 0.150008 108.599731 0.511413 0.497691 -1
1 -62.749954 0.150008 108.599670 0.958241 0.497691 -1
14
0.000000 -1.000000 0.000000
0.000000 -0.670249 -0.742137
0.000000 -0.563260 -0.826279
0.000000 1.000000 0.000000
0.000000 0.563260 -0.826279
0.000000 0.670249 -0.742137
-0.000000 -0.563261 0.826279
0.000000 -0.670248 0.742137
0.000000 0.670248 0.742137
-0.000000 0.563261 0.826279
0.000000 0.000000 -1.000000
0.000001 0.000000 -1.000000
-0.000000 0.000000 1.000000
-0.000000 0.000000 1.000000
12
1 0 1 2 0 1 2 1
1 3 4 5 3 4 5 1
1 0 6 7 0 6 7 1
1 3 8 9 3 8 9 1
1 1 10 2 1 10 2 1
1 10 11 2 10 11 2 1
1 6 12 13 6 12 13 1
1 6 13 7 6 13 7 1
1 10 5 4 10 5 4 1
1 10 4 11 10 4 11 1
1 12 9 13 12 9 13 1
1 9 8 13 9 8 13 1
