// MilkShape 3D ASCII

Frames: 30
Frame: 1

Meshes: 1
"Regroup01" 0 0
192
1 257.370087 -4.790165 40.763420 0.375760 0.988317 -1
1 260.578278 4.956833 -0.000028 0.477344 0.013476 -1
1 260.578278 -4.790165 -0.000028 0.477344 0.988317 -1
1 257.370087 4.956833 40.763420 0.375760 0.013476 -1
1 247.824677 4.956833 80.523132 0.286675 0.013476 -1
1 247.824677 -4.790165 80.523132 0.286675 0.988317 -1
1 232.176926 -4.790165 118.300079 0.197591 0.988317 -1
1 232.176926 4.956833 118.300079 0.197591 0.013476 -1
1 210.812225 4.956833 153.164078 0.112413 0.013476 -1
1 210.812225 -4.790165 153.164078 0.112413 0.988317 -1
1 184.256592 -4.790165 184.256683 0.037392 0.988317 -1
1 184.256592 4.956833 184.256683 0.037392 0.013476 -1
1 153.164001 4.956833 210.812286 0.200651 0.013477 -1
1 184.256592 4.956833 184.256683 0.002235 0.013477 -1
1 184.256592 -4.790165 184.256683 0.002235 0.988317 -1
1 153.164001 -4.790165 210.812286 0.200651 0.988317 -1
1 118.300011 -4.790165 232.177002 0.400630 0.988317 -1
1 118.300011 4.956833 232.177002 0.400630 0.013477 -1
1 80.523087 4.956833 247.824738 0.600608 0.013477 -1
1 80.523087 -4.790165 247.824738 0.600608 0.988317 -1
1 40.763367 -4.790165 257.370239 0.800586 0.988317 -1
1 40.763367 4.956833 257.370239 0.800586 0.013477 -1
1 -0.000071 4.956833 260.578400 0.997439 0.013477 -1
1 -0.000071 -4.790165 260.578400 0.997439 0.988317 -1
1 -40.763500 -4.790165 257.370239 0.797418 0.988317 -1
1 -0.000071 4.956833 260.578400 0.997440 0.013476 -1
1 -0.000071 -4.790165 260.578400 0.997440 0.988317 -1
1 -40.763500 4.956833 257.370239 0.797418 0.013476 -1
1 -80.523186 4.956833 247.824738 0.598959 0.013476 -1
1 -80.523186 -4.790165 247.824738 0.598959 0.988317 -1
1 -118.300179 -4.790165 232.177002 0.400500 0.988317 -1
1 -118.300179 4.956833 232.177002 0.400500 0.013476 -1
1 -153.164215 4.956833 210.812286 0.202041 0.013476 -1
1 -153.164215 -4.790165 210.812286 0.202041 0.988316 -1
1 -184.256851 -4.790165 184.256683 0.002018 0.988316 -1
1 -184.256851 4.956833 184.256683 0.002018 0.013476 -1
1 -210.812439 4.956833 153.164078 0.109809 0.013477 -1
1 -184.256851 4.956833 184.256683 0.037175 0.013477 -1
1 -184.256851 -4.790165 184.256683 0.037175 0.988317 -1
1 -210.812439 -4.790165 153.164078 0.109809 0.988317 -1
1 -232.177109 -4.790165 118.300079 0.196506 0.988317 -1
1 -232.177109 4.956833 118.300079 0.196506 0.013477 -1
1 -247.824829 4.956833 80.523132 0.287110 0.013477 -1
1 -247.824829 -4.790165 80.523132 0.287110 0.988317 -1
1 -257.370270 -4.790165 40.763420 0.377713 0.988317 -1
1 -257.370270 4.956833 40.763420 0.377713 0.013477 -1
1 -260.578430 4.956833 -0.000028 0.478473 0.013477 -1
1 -260.578430 -4.790165 -0.000028 0.478473 0.988317 -1
1 -257.370270 -4.790165 -40.763458 0.375326 0.988317 -1
1 -260.578430 4.956833 -0.000028 0.477692 0.013477 -1
1 -260.578430 -4.790165 -0.000028 0.477692 0.988317 -1
1 -257.370270 4.956833 -40.763458 0.375326 0.013477 -1
1 -247.824829 4.956833 -80.523155 0.286242 0.013477 -1
1 -247.824829 -4.790165 -80.523155 0.286242 0.988317 -1
1 -232.177109 -4.790165 -118.300110 0.197158 0.988317 -1
1 -232.177109 4.956833 -118.300110 0.197158 0.013477 -1
1 -210.812439 4.956833 -153.164169 0.111980 0.013477 -1
1 -210.812439 -4.790165 -153.164169 0.111980 0.988317 -1
1 -184.256851 -4.790165 -184.256744 0.036958 0.988317 -1
1 -184.256851 4.956833 -184.256744 0.036958 0.013477 -1
1 -153.164215 4.956833 -210.812347 5.199437 0.013477 -1
1 -184.256851 4.956833 -184.256744 5.001801 0.013477 -1
1 -184.256851 -4.790165 -184.256744 5.001801 0.988317 -1
1 -153.164215 -4.790165 -210.812347 5.199437 0.988317 -1
1 -118.300179 -4.790165 -232.177032 5.399415 0.988317 -1
1 -118.300179 4.956833 -232.177032 5.399415 0.013477 -1
1 -80.523186 4.956833 -247.824768 5.599394 0.013477 -1
1 -80.523186 -4.790165 -247.824768 5.599394 0.988317 -1
1 -40.763500 -4.790165 -257.370209 5.799371 0.988317 -1
1 -40.763500 4.956833 -257.370209 5.799371 0.013477 -1
1 -0.000071 4.956833 -260.578339 5.999350 0.013477 -1
1 -0.000071 -4.790165 -260.578339 5.999350 0.988317 -1
1 40.763367 -4.790165 -257.370209 0.796986 0.988317 -1
1 -0.000071 4.956833 -260.578339 0.997008 0.013477 -1
1 -0.000071 -4.790165 -260.578339 0.997008 0.988317 -1
1 40.763367 4.956833 -257.370209 0.796986 0.013477 -1
1 80.523087 4.956833 -247.824768 0.598527 0.013477 -1
1 80.523087 -4.790165 -247.824768 0.598527 0.988317 -1
1 118.300011 -4.790165 -232.177032 0.400068 0.988317 -1
1 118.300011 4.956833 -232.177032 0.400068 0.013477 -1
1 153.164001 4.956833 -210.812347 0.201608 0.013477 -1
1 153.164001 -4.790165 -210.812347 0.201608 0.988318 -1
1 184.256592 -4.790165 -184.256744 0.001588 0.988317 -1
1 184.256592 4.956833 -184.256744 0.001588 0.013477 -1
1 210.812225 4.956833 -153.164169 0.109376 0.013477 -1
1 184.256592 4.956833 -184.256744 0.036743 0.013477 -1
1 184.256592 -4.790165 -184.256744 0.036743 0.988317 -1
1 210.812225 -4.790165 -153.164169 0.109376 0.988317 -1
1 232.176926 -4.790165 -118.300110 0.196075 0.988317 -1
1 232.176926 4.956833 -118.300110 0.196075 0.013477 -1
1 247.824677 4.956833 -80.523155 0.286676 0.013477 -1
1 247.824677 -4.790165 -80.523155 0.286676 0.988317 -1
1 257.370087 -4.790165 -40.763458 0.377281 0.988317 -1
1 257.370087 4.956833 -40.763458 0.377281 0.013477 -1
1 260.578278 4.956833 -0.000028 0.478040 0.013477 -1
1 260.578278 -4.790165 -0.000028 0.478040 0.988317 -1
1 263.804382 -4.912002 41.782497 0.375760 0.988317 -1
1 267.092743 5.078670 -0.000028 0.477344 0.013476 -1
1 267.092743 -4.912002 -0.000028 0.477344 0.988317 -1
1 263.804382 5.078670 41.782497 0.375760 0.013476 -1
1 254.020279 5.078670 82.536201 0.286675 0.013476 -1
1 254.020279 -4.912002 82.536201 0.286675 0.988317 -1
1 237.981339 -4.912002 121.257599 0.197591 0.988317 -1
1 237.981339 5.078670 121.257599 0.197591 0.013476 -1
1 216.082489 5.078670 156.993195 0.112413 0.013476 -1
1 216.082489 -4.912002 156.993195 0.112413 0.988317 -1
1 188.863037 -4.912002 188.863159 0.037392 0.988317 -1
1 188.863037 5.078670 188.863159 0.037392 0.013476 -1
1 156.993088 5.078670 216.082565 0.200651 0.013477 -1
1 188.863037 5.078670 188.863159 0.002235 0.013477 -1
1 188.863037 -4.912002 188.863159 0.002235 0.988317 -1
1 156.993088 -4.912002 216.082565 0.200651 0.988317 -1
1 121.257530 -4.912002 237.981430 0.400630 0.988317 -1
1 121.257530 5.078670 237.981430 0.400630 0.013477 -1
1 82.536171 5.078670 254.020370 0.600608 0.013477 -1
1 82.536171 -4.912002 254.020370 0.600608 0.988317 -1
1 41.782452 -4.912002 263.804474 0.800586 0.988317 -1
1 41.782452 5.078670 263.804474 0.800586 0.013477 -1
1 -0.000071 5.078670 267.092804 0.997439 0.013477 -1
1 -0.000071 -4.912002 267.092804 0.997439 0.988317 -1
1 -41.782578 -4.912002 263.804474 0.797418 0.988317 -1
1 -0.000071 5.078670 267.092804 0.997440 0.013476 -1
1 -0.000071 -4.912002 267.092804 0.997440 0.988317 -1
1 -41.782578 5.078670 263.804474 0.797418 0.013476 -1
1 -82.536263 5.078670 254.020370 0.598959 0.013476 -1
1 -82.536263 -4.912002 254.020370 0.598959 0.988317 -1
1 -121.257698 -4.912002 237.981430 0.400500 0.988317 -1
1 -121.257698 5.078670 237.981430 0.400500 0.013476 -1
1 -156.993286 5.078670 216.082565 0.202041 0.013476 -1
1 -156.993286 -4.912002 216.082565 0.202041 0.988316 -1
1 -188.863266 -4.912002 188.863159 0.002018 0.988316 -1
1 -188.863266 5.078670 188.863159 0.002018 0.013476 -1
1 -216.082748 5.078670 156.993195 0.109809 0.013477 -1
1 -188.863266 5.078670 188.863159 0.037175 0.013477 -1
1 -188.863266 -4.912002 188.863159 0.037175 0.988317 -1
1 -216.082748 -4.912002 156.993195 0.109809 0.988317 -1
1 -237.981552 -4.912002 121.257599 0.196506 0.988317 -1
1 -237.981552 5.078670 121.257599 0.196506 0.013477 -1
1 -254.020432 5.078670 82.536201 0.287110 0.013477 -1
1 -254.020432 -4.912002 82.536201 0.287110 0.988317 -1
1 -263.804565 -4.912002 41.782497 0.377713 0.988317 -1
1 -263.804565 5.078670 41.782497 0.377713 0.013477 -1
1 -267.092896 5.078670 -0.000028 0.478473 0.013477 -1
1 -267.092896 -4.912002 -0.000028 0.478473 0.988317 -1
1 -263.804565 -4.912002 -41.782539 0.375326 0.988317 -1
1 -267.092896 5.078670 -0.000028 0.477692 0.013477 -1
1 -267.092896 -4.912002 -0.000028 0.477692 0.988317 -1
1 -263.804565 5.078670 -41.782539 0.375326 0.013477 -1
1 -254.020432 5.078670 -82.536232 0.286242 0.013477 -1
1 -254.020432 -4.912002 -82.536232 0.286242 0.988317 -1
1 -237.981552 -4.912002 -121.257607 0.197158 0.988317 -1
1 -237.981552 5.078670 -121.257607 0.197158 0.013477 -1
1 -216.082748 5.078670 -156.993225 0.111980 0.013477 -1
1 -216.082748 -4.912002 -156.993225 0.111980 0.988317 -1
1 -188.863266 -4.912002 -188.863129 0.036958 0.988317 -1
1 -188.863266 5.078670 -188.863129 0.036958 0.013477 -1
1 -156.993286 5.078670 -216.082672 5.199437 0.013477 -1
1 -188.863266 5.078670 -188.863129 5.001801 0.013477 -1
1 -188.863266 -4.912002 -188.863129 5.001801 0.988317 -1
1 -156.993286 -4.912002 -216.082672 5.199437 0.988317 -1
1 -121.257698 -4.912002 -237.981445 5.399415 0.988317 -1
1 -121.257698 5.078670 -237.981445 5.399415 0.013477 -1
1 -82.536263 5.078670 -254.020355 5.599394 0.013477 -1
1 -82.536263 -4.912002 -254.020355 5.599394 0.988317 -1
1 -41.782578 -4.912002 -263.804474 5.799371 0.988317 -1
1 -41.782578 5.078670 -263.804474 5.799371 0.013477 -1
1 -0.000071 5.078670 -267.092804 5.999350 0.013477 -1
1 -0.000071 -4.912002 -267.092804 5.999350 0.988317 -1
1 41.782452 -4.912002 -263.804474 0.796986 0.988317 -1
1 -0.000071 5.078670 -267.092804 0.997008 0.013477 -1
1 -0.000071 -4.912002 -267.092804 0.997008 0.988317 -1
1 41.782452 5.078670 -263.804474 0.796986 0.013477 -1
1 82.536171 5.078670 -254.020355 0.598527 0.013477 -1
1 82.536171 -4.912002 -254.020355 0.598527 0.988317 -1
1 121.257530 -4.912002 -237.981445 0.400068 0.988317 -1
1 121.257530 5.078670 -237.981445 0.400068 0.013477 -1
1 156.993088 5.078670 -216.082672 0.201608 0.013477 -1
1 156.993088 -4.912002 -216.082672 0.201608 0.988318 -1
1 188.863037 -4.912002 -188.863129 0.001588 0.988317 -1
1 188.863037 5.078670 -188.863129 0.001588 0.013477 -1
1 216.082489 5.078670 -156.993225 0.109376 0.013477 -1
1 188.863037 5.078670 -188.863129 0.036743 0.013477 -1
1 188.863037 -4.912002 -188.863129 0.036743 0.988317 -1
1 216.082489 -4.912002 -156.993225 0.109376 0.988317 -1
1 237.981339 -4.912002 -121.257607 0.196075 0.988317 -1
1 237.981339 5.078670 -121.257607 0.196075 0.013477 -1
1 254.020279 5.078670 -82.536232 0.286676 0.013477 -1
1 254.020279 -4.912002 -82.536232 0.286676 0.988317 -1
1 263.804382 -4.912002 -41.782539 0.377281 0.988317 -1
1 263.804382 5.078670 -41.782539 0.377281 0.013477 -1
1 267.092743 5.078670 -0.000028 0.478040 0.013477 -1
1 267.092743 -4.912002 -0.000028 0.478040 0.988317 -1
116
-0.987688 0.000000 -0.156434
-0.996917 0.000000 -0.078460
-0.951057 0.000000 -0.309017
-0.951057 0.000000 -0.309017
-0.891006 0.000000 -0.453991
-0.891006 0.000000 -0.453991
-0.809017 0.000000 -0.587786
-0.760405 0.000000 -0.649449
-0.587786 0.000000 -0.809017
-0.649448 0.000000 -0.760406
-0.453991 0.000000 -0.891006
-0.453991 0.000000 -0.891006
-0.309018 0.000000 -0.951056
-0.156435 0.000000 -0.987688
-0.156435 0.000000 -0.987688
-0.078459 0.000000 -0.996917
0.156435 0.000000 -0.987688
0.078459 0.000000 -0.996917
0.309017 0.000000 -0.951056
0.453990 0.000000 -0.891007
0.453990 0.000000 -0.891007
0.587785 0.000000 -0.809017
0.649448 0.000000 -0.760406
0.809017 0.000000 -0.587785
0.760406 0.000000 -0.649448
0.891007 0.000000 -0.453990
0.891007 0.000000 -0.453990
0.951057 0.000000 -0.309017
0.987688 0.000000 -0.156434
0.996917 0.000000 -0.078459
0.987688 0.000000 0.156434
0.996917 0.000000 0.078459
0.951057 0.000000 0.309017
0.891007 0.000000 0.453990
0.809017 0.000000 0.587785
0.809017 0.000000 0.587785
0.760406 0.000000 0.649448
0.587785 0.000000 0.809017
0.649448 0.000000 0.760406
0.587785 0.000000 0.809017
0.453990 0.000000 0.891007
0.309017 0.000000 0.951057
0.309017 0.000000 0.951057
0.156434 0.000000 0.987688
0.156434 0.000000 0.987688
0.078459 0.000000 0.996917
-0.156434 0.000000 0.987688
-0.078459 0.000000 0.996917
-0.309017 0.000000 0.951057
-0.309017 0.000000 0.951057
-0.453991 0.000000 0.891006
-0.587785 0.000000 0.809017
-0.649448 0.000000 0.760406
-0.809017 0.000000 0.587786
-0.760405 0.000000 0.649449
-0.891007 0.000000 0.453991
-0.951057 0.000000 0.309017
-0.987688 0.000000 0.156434
-0.987688 0.000000 0.156434
-0.996917 0.000000 0.078460
-0.987688 0.000000 -0.156435
-0.996917 0.000000 -0.078459
-0.987688 0.000000 -0.156435
-0.951056 0.000000 -0.309017
-0.891006 0.000000 -0.453991
-0.809017 0.000000 -0.587785
-0.760407 0.000000 -0.649447
-0.587785 0.000000 -0.809017
-0.649447 0.000000 -0.760407
-0.453992 0.000000 -0.891006
-0.309017 0.000000 -0.951056
-0.156434 0.000000 -0.987688
-0.078458 0.000000 -0.996917
0.156434 0.000000 -0.987688
0.078459 0.000000 -0.996917
0.309017 0.000000 -0.951056
0.453991 0.000000 -0.891006
0.453991 0.000000 -0.891006
0.587785 0.000000 -0.809017
0.649446 0.000000 -0.760408
0.809017 0.000000 -0.587785
0.760406 0.000000 -0.649448
0.891007 0.000000 -0.453990
0.951057 0.000000 -0.309017
0.987688 0.000000 -0.156435
0.996917 0.000000 -0.078458
0.987688 0.000000 0.156435
0.996917 0.000000 0.078459
0.951057 0.000000 0.309017
0.951057 0.000000 0.309017
0.891007 0.000000 0.453990
0.891007 0.000000 0.453990
0.809017 0.000000 0.587785
0.760406 0.000000 0.649448
0.587785 0.000000 0.809017
0.649448 0.000000 0.760406
0.453990 0.000000 0.891007
0.309017 0.000000 0.951057
0.156434 0.000000 0.987688
0.078459 0.000000 0.996917
-0.156434 0.000000 0.987688
-0.078458 0.000000 0.996917
-0.156434 0.000000 0.987688
-0.309017 0.000000 0.951056
-0.453990 0.000000 0.891007
-0.453990 0.000000 0.891007
-0.587785 0.000000 0.809017
-0.649449 0.000000 0.760406
-0.809017 0.000000 0.587785
-0.760406 0.000000 0.649448
-0.809017 0.000000 0.587785
-0.891006 0.000000 0.453991
-0.891006 0.000000 0.453991
-0.951056 0.000000 0.309017
-0.987688 0.000000 0.156435
-0.996917 0.000000 0.078459
160
1 0 1 2 0 1 1 1
1 0 3 1 0 0 1 1
1 4 3 0 2 0 0 1
1 5 4 0 3 2 0 1
1 6 4 5 4 2 3 1
1 6 7 4 4 5 2 1
1 8 7 6 6 5 4 1
1 9 8 6 6 6 4 1
1 10 8 9 7 6 6 1
1 10 11 8 7 7 6 1
1 12 13 14 8 9 9 1
1 15 12 14 8 8 9 1
1 16 12 15 10 8 8 1
1 16 17 12 10 11 8 1
1 18 17 16 12 11 10 1
1 19 18 16 12 12 10 1
1 20 18 19 13 12 12 1
1 20 21 18 13 14 12 1
1 22 21 20 15 14 13 1
1 23 22 20 15 15 13 1
1 24 25 26 16 17 17 1
1 24 27 25 16 16 17 1
1 28 27 24 18 16 16 1
1 29 28 24 18 18 16 1
1 30 28 29 19 18 18 1
1 30 31 28 19 20 18 1
1 32 31 30 21 20 19 1
1 33 32 30 21 21 19 1
1 34 32 33 22 21 21 1
1 34 35 32 22 22 21 1
1 36 37 38 23 24 24 1
1 39 36 38 23 23 24 1
1 40 36 39 25 23 23 1
1 40 41 36 25 26 23 1
1 42 41 40 27 26 25 1
1 43 42 40 27 27 25 1
1 44 42 43 28 27 27 1
1 44 45 42 28 28 27 1
1 46 45 44 29 28 28 1
1 47 46 44 29 29 28 1
1 48 49 50 30 31 31 1
1 48 51 49 30 30 31 1
1 52 51 48 32 30 30 1
1 53 52 48 32 32 30 1
1 54 52 53 33 32 32 1
1 54 55 52 33 33 32 1
1 56 55 54 34 33 33 1
1 57 56 54 35 34 33 1
1 58 56 57 36 34 35 1
1 58 59 56 36 36 34 1
1 60 61 62 37 38 38 1
1 63 60 62 39 37 38 1
1 64 60 63 40 37 39 1
1 64 65 60 40 40 37 1
1 66 65 64 41 40 40 1
1 67 66 64 42 41 40 1
1 68 66 67 43 41 42 1
1 68 69 66 43 44 41 1
1 70 69 68 45 44 43 1
1 71 70 68 45 45 43 1
1 72 73 74 46 47 47 1
1 72 75 73 46 46 47 1
1 76 75 72 48 46 46 1
1 77 76 72 49 48 46 1
1 78 76 77 50 48 49 1
1 78 79 76 50 50 48 1
1 80 79 78 51 50 50 1
1 81 80 78 51 51 50 1
1 82 80 81 52 51 51 1
1 82 83 80 52 52 51 1
1 84 85 86 53 54 54 1
1 87 84 86 53 53 54 1
1 88 84 87 55 53 53 1
1 88 89 84 55 55 53 1
1 90 89 88 56 55 55 1
1 91 90 88 56 56 55 1
1 92 90 91 57 56 56 1
1 92 93 90 57 58 56 1
1 94 93 92 59 58 57 1
1 95 94 92 59 59 57 1
1 96 97 98 60 61 61 1
1 96 99 97 60 62 61 1
1 100 99 96 63 62 60 1
1 101 100 96 63 63 60 1
1 102 100 101 64 63 63 1
1 102 103 100 64 64 63 1
1 104 103 102 65 64 64 1
1 105 104 102 65 65 64 1
1 106 104 105 66 65 65 1
1 106 107 104 66 66 65 1
1 108 109 110 67 68 68 1
1 111 108 110 67 67 68 1
1 112 108 111 69 67 67 1
1 112 113 108 69 69 67 1
1 114 113 112 70 69 69 1
1 115 114 112 70 70 69 1
1 116 114 115 71 70 70 1
1 116 117 114 71 71 70 1
1 118 117 116 72 71 71 1
1 119 118 116 72 72 71 1
1 120 121 122 73 74 74 1
1 120 123 121 73 73 74 1
1 124 123 120 75 73 73 1
1 125 124 120 75 75 73 1
1 126 124 125 76 75 75 1
1 126 127 124 76 77 75 1
1 128 127 126 78 77 76 1
1 129 128 126 78 78 76 1
1 130 128 129 79 78 78 1
1 130 131 128 79 79 78 1
1 132 133 134 80 81 81 1
1 135 132 134 80 80 81 1
1 136 132 135 82 80 80 1
1 136 137 132 82 82 80 1
1 138 137 136 83 82 82 1
1 139 138 136 83 83 82 1
1 140 138 139 84 83 83 1
1 140 141 138 84 84 83 1
1 142 141 140 85 84 84 1
1 143 142 140 85 85 84 1
1 144 145 146 86 87 87 1
1 144 147 145 86 86 87 1
1 148 147 144 88 86 86 1
1 149 148 144 89 88 86 1
1 150 148 149 90 88 89 1
1 150 151 148 90 91 88 1
1 152 151 150 92 91 90 1
1 153 152 150 92 92 90 1
1 154 152 153 93 92 92 1
1 154 155 152 93 93 92 1
1 156 157 158 94 95 95 1
1 159 156 158 94 94 95 1
1 160 156 159 96 94 94 1
1 160 161 156 96 96 94 1
1 162 161 160 97 96 96 1
1 163 162 160 97 97 96 1
1 164 162 163 98 97 97 1
1 164 165 162 98 98 97 1
1 166 165 164 99 98 98 1
1 167 166 164 99 99 98 1
1 168 169 170 100 101 101 1
1 168 171 169 100 102 101 1
1 172 171 168 103 102 100 1
1 173 172 168 103 103 100 1
1 174 172 173 104 103 103 1
1 174 175 172 104 105 103 1
1 176 175 174 106 105 104 1
1 177 176 174 106 106 104 1
1 178 176 177 107 106 106 1
1 178 179 176 107 107 106 1
1 180 181 182 108 109 109 1
1 183 180 182 110 108 109 1
1 184 180 183 111 108 110 1
1 184 185 180 111 112 108 1
1 186 185 184 113 112 111 1
1 187 186 184 113 113 111 1
1 188 186 187 114 113 113 1
1 188 189 186 114 114 113 1
1 190 189 188 115 114 114 1
1 191 190 188 115 115 114 1
